1000 300
0.208972 0.509101
0.212941 0.512352
0.217009 0.514792
0.221006 0.51534
0.224516 0.515817
0.227516 0.516736
0.230502 0.516768
0.233489 0.516448
0.236403 0.5166
0.241903 0.516635
0.245336 0.513353
0.24821 0.512304
0.250503 0.510582
0.26555 0.492524
0.270508 0.487897
0.274951 0.484423
0.279081 0.482297
0.282889 0.480666
0.287039 0.478929
0.291023 0.47834
0.295 0.478135
0.298993 0.477868
0.302987 0.478078
0.30669 0.478978
0.310111 0.482313
0.313972 0.485666
0.325033 0.500099
0.328251 0.507792
0.339198 0.491901
0.341624 0.493443
0.344413 0.492815
0.347105 0.494938
0.351177 0.493853
0.348998 0.489441
0.355651 0.492421
0.36935 0.490309
0.373596 0.486705
0.367273 0.484043
0.370626 0.482442
0.373551 0.478549
0.376462 0.480971
0.381075 0.480486
0.384833 0.476006
0.378408 0.475517
0.381548 0.471874
0.385428 0.468132
0.38831 0.468961
0.390905 0.472044
0.394825 0.469424
0.391442 0.463831
0.395244 0.46197
0.398239 0.463456
0.400258 0.467055
0.403621 0.465394
0.407312 0.4656
0.402115 0.458669
0.406474 0.457763
0.410434 0.460763
0.420691 0.466374
0.419484 0.471658
0.422786 0.476378
0.425368 0.476985
0.426315 0.484866
0.437354 0.486268
0.440482 0.486725
0.443453 0.488818
0.446743 0.490444
0.450611 0.491415
0.453296 0.491986
0.448669 0.495565
0.444167 0.497593
0.44 0.494333
0.436399 0.496908
0.441625 0.502083
0.438611 0.503889
0.436185 0.509566
0.441 0.511667
0.443125 0.5175
0.438833 0.516852
0.43533 0.519656
0.433725 0.528509
0.437625 0.525417
0.4407 0.526667
0.4435 0.525952
0.446 0.523333
0.448611 0.519444
0.451381 0.51791
0.457712 0.518333
0.461 0.515
0.464491 0.514962
0.467665 0.51379
0.470864 0.514697
0.475046 0.513788
0.478375 0.512083
0.4805 0.509762
0.485375 0.514583
0.488786 0.511667
0.4915 0.511
0.494214 0.512143
0.499167 0.512407
0.4965 0.509
0.501389 0.506111
0.5042 0.509667
0.507071 0.505476
0.5123 0.508
0.515858 0.50271
0.5125 0.498333
0.5095 0.499
0.506 0.498333
0.502227 0.497121
0.4985 0.500667
0.4937 0.501667
0.490045 0.501061
0.4865 0.505
0.484 0.505
0.481375 0.50375
0.4769 0.503333
0.473375 0.505417
0.471 0.505
0.468944 0.504637
0.464957 0.503784
0.461944 0.506852
0.458389 0.50463
0.45675 0.511667
0.454189 0.509843
0.45098 0.508674
0.44725 0.512083
0.443786 0.508333
0.445833 0.506667
0.44775 0.501667
0.452023 0.500521
0.455589 0.497142
0.458486 0.495142
0.461824 0.496396
0.46617 0.494945
0.47014 0.494524
0.474278 0.496852
0.4783 0.495
0.4726 0.490442
0.475897 0.487651
0.4787 0.484286
0.481393 0.482182
0.483897 0.478534
0.486626 0.476415
0.488893 0.475321
0.490864 0.470716
0.493386 0.467962
0.49643 0.464709
0.499437 0.463166
0.502625 0.467917
0.505375 0.467917
0.5085 0.468333
0.511625 0.47
0.513833 0.465
0.516625 0.462083
0.509944 0.460926
0.503141 0.459085
0.506936 0.457827
0.51149 0.454613
0.514837 0.45494
0.519171 0.457271
0.533769 0.43774
0.532036 0.431479
0.529138 0.430729
0.528933 0.423112
0.520638 0.419956
0.517985 0.423384
0.513769 0.424931
0.516614 0.417616
0.513386 0.416683
0.510215 0.420872
0.506283 0.42123
0.502093 0.423181
0.509202 0.427837
0.50492 0.42875
0.501415 0.430664
0.498732 0.42948
0.495914 0.426677
0.492057 0.430099
0.495668 0.434579
0.491893 0.437116
0.488515 0.436208
0.485295 0.434577
0.481461 0.437521
0.484388 0.441256
0.479859 0.443228
0.477327 0.439249
0.47317 0.440468
0.476265 0.445629
0.473449 0.446925
0.470368 0.446827
0.467533 0.447071
0.464512 0.448009
0.461496 0.449277
0.4585 0.449345
0.455032 0.449183
0.450998 0.448385
0.4475 0.448379
0.444482 0.448039
0.441505 0.446735
0.438534 0.445112
0.466563 0.292648
0.466091 0.285476
0.467227 0.278479
0.464772 0.277098
0.468452 0.271723
0.465167 0.269444
0.463154 0.267587
0.4665 0.266667
0.469971 0.264303
0.468 0.263333
0.4663 0.259667
0.46189 0.259923
0.4641 0.259
0.4695 0.255952
0.472251 0.252322
0.4675 0.251
0.465667 0.252222
0.463 0.253333
0.460911 0.252189
0.458372 0.243544
0.460337 0.245545
0.4633 0.247
0.4657 0.243667
0.4687 0.246333
0.4709 0.247667
0.4727 0.243
0.47505 0.240665
0.47 0.24
0.467833 0.238889
0.4645 0.24
0.4629 0.237667
0.4611 0.237667
0.458625 0.237044
0.457936 0.231147
0.46 0.23
0.4619 0.229
0.464667 0.232222
0.467214 0.231667
0.4703 0.233
0.4725 0.235952
0.4747 0.233
0.477096 0.232967
0.477487 0.225921
0.4745 0.226667
0.4719 0.225667
0.47 0.225
0.4681 0.224333
0.4659 0.224333
0.463333 0.224444
0.460214 0.221667
0.458182 0.221441
0.4621 0.215667
0.464333 0.217778
0.467 0.216667
0.469 0.216667
0.4713 0.216333
0.474333 0.212222
0.4715 0.210833
0.4699 0.207667
0.468 0.208333
0.4659 0.211
0.464 0.21
0.4605 0.212333
0.456666 0.213271
0.4589 0.211
0.457 0.206667
0.455044 0.205674
0.406686 0.21775
0.404833 0.213496
0.402078 0.209609
0.403667 0.207205
0.405929 0.206758
0.400598 0.203656
0.39861 0.201202
0.4033 0.200333
0.404271 0.194972
0.401833 0.193333
0.399786 0.191667
0.3975 0.195
0.395926 0.198539
0.394024 0.194689
0.391858 0.193682
0.388382 0.190291
0.386043 0.186975
0.383711 0.184894
0.380737 0.183583
0.376833 0.183191
0.374005 0.180707
0.371319 0.181087
0.36899 0.180991
0.366984 0.183052
0.365098 0.182206
0.362968 0.183967
0.361071 0.184041
0.3583 0.183
0.354154 0.182138
0.3559 0.184333
0.359457 0.187445
0.357133 0.190005
0.354294 0.191657
0.339209 0.222109
0.336633 0.222892
0.333751 0.225217
0.336329 0.229915
0.334226 0.235105
0.331514 0.23538
0.332114 0.242863
0.330302 0.249042
0.301584 0.208277
0.299827 0.203561
0.297515 0.203308
0.295 0.201393
0.297409 0.196568
0.295164 0.192044
0.293 0.193333
0.2907 0.193667
0.2875 0.194167
0.283 0.196667
0.2805 0.201111
0.283 0.203333
0.2855 0.2
0.2883 0.199667
0.291081 0.20081
0.293 0.201393
0.289446 0.204122
0.286981 0.206523
0.28494 0.207658
0.280786 0.208333
0.28291 0.210897
0.279 0.213333
0.2765 0.216667
0.280614 0.216841
0.278743 0.221515
0.276973 0.22482
0.2745 0.226667
0.275132 0.233867
0.273 0.233333
0.271 0.233333
0.269167 0.237222
0.270667 0.241111
0.272956 0.241371
0.27169 0.248737
0.2701 0.251
0.267833 0.252778
0.268501 0.260679
0.267621 0.265563
0.266774 0.264625
0.266671 0.259862
0.266189 0.252258
0.268333 0.245556
0.266865 0.241279
0.2685 0.233333
0.267573 0.230512
0.2715 0.226667
0.268973 0.223752
0.2743 0.220333
0.2721 0.219
0.27025 0.218333
0.269269 0.21216
0.271667 0.211111
0.274 0.211667
0.2763 0.210333
0.2777 0.206333
0.275 0.203333
0.2731 0.202333
0.270696 0.203893
0.262675 0.200731
0.264959 0.197256
0.260946 0.195721
0.259155 0.19476
0.263 0.193333
0.265538 0.190392
0.2627 0.187
0.259596 0.186052
0.261385 0.18103
0.263448 0.178279
0.265367 0.182932
0.274633 0.176695
0.2777 0.176333
0.28 0.178333
0.2825 0.175952
0.2863 0.173667
0.284 0.171667
0.2805 0.17
0.2775 0.17
0.274767 0.169359
0.275346 0.160712
0.277 0.161667
0.279214 0.161667
0.283167 0.154444
0.281 0.155
0.277098 0.152748
0.27899 0.151506
0.280848 0.14663
0.283004 0.146309
0.285066 0.147497
0.28649 0.151699
0.288564 0.154335
0.289646 0.160227
0.2869 0.161
0.2845 0.16
0.281833 0.164444
0.2847 0.166333
0.287667 0.167778
0.290113 0.16752
0.289231 0.17359
0.288913 0.179644
0.286667 0.182778
0.284667 0.181111
0.282214 0.185
0.2799 0.187667
0.278 0.185
0.2761 0.182333
0.274088 0.184948
0.276 0.190556
0.27256 0.195288
0.275 0.196667
0.277 0.198333
0.278833 0.196667
0.2813 0.193
0.2841 0.191
0.2859 0.191
0.28825 0.188333
0.289897 0.187679
0.2924 0.186991
0.30269 0.189361
0.304725 0.187195
0.306568 0.183598
0.30158 0.183398
0.3037 0.179667
0.301123 0.175531
0.302962 0.171738
0.304989 0.170974
0.306493 0.175813
0.35576 0.174526
0.3577 0.177
0.36 0.175
0.362 0.176667
0.364333 0.175556
0.367 0.176667
0.3725 0.175
0.37575 0.178333
0.378648 0.179577
0.382333 0.177778
0.3801 0.174333
0.377 0.173333
0.3745 0.171667
0.370625 0.170401
0.368667 0.17223
0.3663 0.169667
0.3627 0.170333
0.357755 0.169361
0.359801 0.165638
0.361919 0.164368
0.364479 0.163749
0.367307 0.163888
0.373521 0.165716
0.376 0.166667
0.378333 0.167778
0.3819 0.167667
0.3835 0.171667
0.3855 0.17
0.3867 0.166333
0.3889 0.165667
0.3915 0.165
0.3945 0.166667
0.398333 0.164443
0.396 0.163333
0.394 0.16
0.396302 0.156997
0.39209 0.158188
0.39 0.16
0.3867 0.159667
0.384333 0.162222
0.3805 0.164333
0.376453 0.160884
0.37865 0.159095
0.3825 0.158333
0.380617 0.15545
0.383821 0.153563
0.386478 0.153872
0.389181 0.155349
0.394462 0.152498
0.397833 0.152222
0.4 0.153333
0.402 0.148333
0.4 0.146667
0.396495 0.146261
0.398622 0.14142
0.401462 0.139987
0.404203 0.144037
0.406985 0.15199
0.404782 0.151689
0.4025 0.156667
0.399833 0.160556
0.4025 0.163333
0.4049 0.162333
0.406693 0.159671
0.408208 0.164164
0.406498 0.168333
0.405 0.171667
0.4025 0.17
0.400101 0.171006
0.3985 0.174167
0.3965 0.171667
0.3933 0.170333
0.3901 0.172333
0.388 0.173333
0.38525 0.175833
0.386 0.18
0.3887 0.179667
0.3919 0.175667
0.3939 0.177667
0.3975 0.179167
0.3955 0.181667
0.3915 0.182222
0.38825 0.184167
0.3905 0.188326
0.3937 0.187
0.396333 0.188889
0.3985 0.185
0.403272 0.186969
0.405398 0.182695
0.400333 0.181667
0.402001 0.17834
0.4039 0.177667
0.407257 0.175426
0.453926 0.189165
0.4567 0.187
0.459214 0.185
0.4553 0.183
0.454787 0.177515
0.457333 0.177778
0.4603 0.176333
0.464 0.178333
0.4661 0.175667
0.4685 0.173333
0.465 0.17
0.4631 0.172333
0.461 0.17
0.4585 0.171667
0.45667 0.169484
0.459654 0.165068
0.462368 0.16448
0.464464 0.161975
0.46622 0.165382
0.468278 0.166332
0.471023 0.170097
0.472956 0.16771
0.475 0.166667
0.4775 0.165952
0.4799 0.167667
0.481333 0.172222
0.4841 0.171
0.4867 0.170333
0.489 0.17
0.4931 0.169
0.495 0.166667
0.491214 0.165
0.489 0.161667
0.4871 0.161
0.4855 0.165
0.4835 0.161
0.481833 0.163889
0.475793 0.160809
0.478755 0.158591
0.481385 0.155649
0.484127 0.154934
0.485873 0.154935
0.488429 0.154171
0.491409 0.156956
0.493672 0.159592
0.497 0.16
0.495502 0.157002
0.4991 0.155667
0.4975 0.151667
0.495241 0.149255
0.497414 0.142585
0.500507 0.139989
0.503458 0.141516
0.4995 0.146667
0.5021 0.147667
0.504094 0.149048
0.506285 0.149999
0.501214 0.155
0.5045 0.157381
0.50791 0.159623
0.506331 0.162774
0.502333 0.162222
0.499502 0.16333
0.4975 0.168333
0.500502 0.170003
0.503667 0.167778
0.50739 0.170865
0.5051 0.172333
0.502335 0.175557
0.5 0.176667
0.498 0.176667
0.4957 0.177
0.49525 0.1725
0.4911 0.174333
0.493 0.176667
0.489667 0.179444
0.488 0.176667
0.4859 0.177667
0.4825 0.176667
0.484 0.18
0.487 0.183333
0.48625 0.1875
0.4837 0.187
0.4817 0.183
0.479333 0.178889
0.476 0.176667
0.477667 0.173889
0.4743 0.173
0.4713 0.176333
0.4733 0.179667
0.46975 0.181667
0.468 0.18
0.461786 0.181667
0.4647 0.183667
0.46675 0.185
0.4685 0.1875
0.4715 0.185952
0.4745 0.185
0.477 0.183333
0.479 0.186667
0.4805 0.189
0.4763 0.189667
0.4783 0.193667
0.4827 0.193
0.4851 0.194333
0.487 0.195
0.48875 0.191667
0.4915 0.19
0.4897 0.186333
0.492 0.183333
0.4939 0.184333
0.4963 0.183
0.5005 0.1825
0.504 0.18
0.506486 0.178443
0.505214 0.184574
0.502498 0.185441
0.499245 0.185513
0.497829 0.188314
0.495669 0.189779
0.493371 0.193463
0.490456 0.196788
0.488282 0.201889
0.484214 0.201667
0.481333 0.197778
0.4793 0.200333
0.4769 0.199
0.4749 0.195667
0.4731 0.195667
0.4715 0.1925
0.4687 0.193
0.466333 0.194444
0.4645 0.198333
0.461 0.196667
0.46275 0.195
0.464 0.189444
0.4605 0.191111
0.458 0.193333
0.4559 0.194333
0.454064 0.198091
0.457 0.2
0.459 0.201667
0.4611 0.204333
0.4629 0.204333
0.4657 0.203667
0.4683 0.200333
0.470667 0.198889
0.472786 0.205
0.475 0.203333
0.476786 0.208333
0.479 0.206667
0.481643 0.205952
0.48578 0.206269
0.483307 0.212109
0.48114 0.215299
0.479 0.215
0.476667 0.217222
0.475 0.22
0.473 0.22
0.47975 0.222958
0.530284 0.250909
0.531903 0.249898
0.53161 0.243425
0.534211 0.240606
0.531514 0.23538
0.534548 0.233406
0.536801 0.232341
0.538642 0.227463
0.534482 0.225473
0.537355 0.222044
0.540577 0.221799
0.554466 0.195606
0.558393 0.191972
0.5565 0.190945
0.553771 0.188487
0.5555 0.185833
0.558833 0.184444
0.561 0.183333
0.557 0.18
0.554855 0.178832
0.5587 0.176333
0.56175 0.179167
0.56325 0.1775
0.56475 0.178333
0.566333 0.174444
0.5635 0.17
0.561 0.173333
0.556727 0.171241
0.558938 0.167883
0.561 0.166667
0.561922 0.162511
0.56406 0.162738
0.566097 0.165152
0.567997 0.16836
0.570447 0.169808
0.57308 0.166636
0.574929 0.165959
0.577786 0.168333
0.5801 0.171
0.5825 0.173333
0.585 0.173333
0.587 0.176667
0.5893 0.176333
0.5911 0.179
0.5935 0.175952
0.5895 0.17
0.5921 0.169
0.5941 0.167667
0.5965 0.17
0.600302 0.16967
0.5985 0.165
0.5963 0.163
0.591333 0.162222
0.589 0.163333
0.58575 0.165
0.5871 0.169
0.5837 0.167
0.5819 0.164333
0.58 0.163333
0.576463 0.161729
0.578468 0.158544
0.580919 0.155672
0.5835 0.158333
0.5869 0.159
0.585097 0.15425
0.588118 0.155169
0.590198 0.156258
0.593185 0.1576
0.594749 0.158343
0.597333 0.156111
0.595511 0.15251
0.5987 0.147
0.595765 0.146834
0.597721 0.142012
0.600506 0.13999
0.603437 0.140536
0.6017 0.146333
0.603995 0.148372
0.606185 0.149069
0.60075 0.151667
0.599 0.153333
0.602667 0.155556
0.605698 0.156336
0.607833 0.158514
0.6051 0.161667
0.6005 0.160714
0.602786 0.165
0.606 0.166667
0.607874 0.168191
0.6047 0.171667
0.606917 0.175472
0.6043 0.177
0.601786 0.175
0.5981 0.175667
0.596 0.176667
0.5999 0.179
0.5975 0.1825
0.595333 0.184444
0.5929 0.184333
0.5905 0.187381
0.5885 0.190833
0.5865 0.1875
0.5883 0.183
0.58575 0.181667
0.584 0.181667
0.5815 0.18
0.579 0.178333
0.5767 0.177
0.5753 0.173
0.573 0.173333
0.5693 0.176333
0.574 0.18
0.5715 0.179286
0.5685 0.182222
0.566 0.183333
0.564288 0.187873
0.561622 0.189062
0.567812 0.187724
0.571494 0.186473
0.574507 0.186473
0.576782 0.184376
0.57956 0.18731
0.581928 0.187384
0.583809 0.190679
0.586471 0.194238
0.589514 0.197114
0.592 0.195
0.594167 0.191111
0.597214 0.191667
0.5991 0.187667
0.6011 0.185667
0.603498 0.18333
0.605967 0.183442
0.603414 0.189925
0.601333 0.194444
0.604059 0.196616
0.605197 0.202919
0.6029 0.202333
0.6005 0.200833
0.5985 0.198333
0.595 0.197222
0.591476 0.202458
0.5955 0.203333
0.593167 0.205279
0.595035 0.210624
0.596875 0.21274
0.5981 0.207667
0.6005 0.206667
0.6035 0.21
0.606101 0.211947
0.6005 0.214048
0.598669 0.218863
0.601833 0.219444
0.604 0.218333
0.606356 0.220855
0.60135 0.226371
0.6045 0.226667
0.607084 0.230011
0.6053 0.233667
0.60294 0.233535
0.605762 0.240241
0.607165 0.247129
0.675951 0.237291
0.678 0.233333
0.6795 0.23
0.675871 0.230143
0.674847 0.223943
0.6771 0.224333
0.679 0.223333
0.681 0.22
0.6829 0.217667
0.685214 0.215
0.688667 0.215556
0.6907 0.213
0.693 0.21
0.695333 0.211111
0.6935 0.215833
0.6971 0.215667
0.699 0.215
0.701 0.215
0.702813 0.215042
0.700407 0.206819
0.6975 0.206667
0.695 0.203333
0.692667 0.201667
0.690929 0.204048
0.6891 0.205667
0.686667 0.208889
0.683 0.21
0.6785 0.21
0.681 0.213333
0.679 0.216667
0.6769 0.215667
0.674303 0.215642
0.675 0.21
0.673542 0.204876
0.6761 0.204333
0.6787 0.203667
0.681 0.205
0.683 0.203333
0.68475 0.205
0.687929 0.200714
0.685333 0.197778
0.683 0.195
0.6807 0.197
0.6775 0.198333
0.672096 0.198273
0.6743 0.197
0.6763 0.193
0.679 0.193333
0.673861 0.190326
0.6765 0.186667
0.6791 0.185667
0.674084 0.181674
0.6761 0.179
0.678214 0.178333
0.681214 0.178333
0.683667 0.175556
0.6851 0.171
0.682333 0.168889
0.6795 0.171667
0.674633 0.172461
0.676667 0.168889
0.67825 0.165
0.6805 0.164048
0.675086 0.163243
0.676593 0.159224
0.677344 0.153775
0.678862 0.149196
0.680912 0.147897
0.683454 0.145526
0.685797 0.148079
0.688059 0.152066
0.6853 0.153667
0.682333 0.152222
0.6797 0.157
0.682833 0.158889
0.684667 0.162778
0.686667 0.160556
0.689622 0.15875
0.688333 0.165556
0.689837 0.169371
0.6869 0.172333
0.689393 0.176824
0.6865 0.180714
0.688492 0.185027
0.684333 0.185556
0.6825 0.184333
0.6809 0.189
0.685833 0.191111
0.688 0.193333
0.69007 0.190733
0.691912 0.189528
0.694082 0.189469
0.696217 0.194397
0.6937 0.196333
0.697 0.2
0.699115 0.199849
0.703483 0.189602
0.7061 0.186759
0.70157 0.183987
0.7043 0.183
0.706765 0.179012
0.7035 0.176667
0.701123 0.175531
0.703479 0.170049
0.706057 0.172238
0.759945 0.182889
0.762024 0.179286
0.764236 0.177657
0.774633 0.172461
0.7769 0.172333
0.7815 0.174444
0.7799 0.171
0.77825 0.170833
0.775206 0.164626
0.7775 0.163333
0.78 0.163333
0.782 0.165
0.7843 0.163
0.786667 0.158889
0.784333 0.155556
0.782 0.156667
0.7795 0.156667
0.776326 0.157233
0.77756 0.151978
0.77975 0.148675
0.7827 0.150333
0.782316 0.145529
0.78547 0.147634
0.78757 0.151465
0.789275 0.15644
0.789504 0.163388
0.7865 0.167381
0.784167 0.171111
0.7881 0.172333
0.789957 0.171543
0.802771 0.171728
0.804991 0.170972
0.80709 0.176309
0.8051 0.179
0.801261 0.178178
0.8035 0.182333
0.806223 0.185446
0.80177 0.186572
0.803953 0.190468
0.798344 0.196453
0.793488 0.187924
0.789369 0.181567
0.786959 0.179475
0.785 0.178229
0.782601 0.179411
0.778621 0.179387
0.775104 0.179907
0.765881 0.184696
0.763988 0.184882
0.761977 0.187897
0.75951 0.190663
0.74592 0.21668
0.737657 0.228668
0.73534 0.225709
0.704421 0.232806
0.7027 0.230333
0.7033 0.223447
0.701 0.225
0.699 0.225
0.697 0.225
0.694786 0.221667
0.6915 0.22
0.6867 0.220333
0.683667 0.224444
0.681333 0.227778
0.6851 0.229
0.687214 0.22881
0.689 0.225
0.6927 0.226333
0.690667 0.229444
0.695 0.23
0.693 0.233333
0.695 0.236667
0.697 0.233333
0.6995 0.234048
0.7015 0.237778
0.704598 0.239692
0.70409 0.245
0.702 0.243333
0.69817 0.241089
0.6961 0.242333
0.6929 0.241
0.6911 0.237667
0.688667 0.237778
0.6863 0.236333
0.6845 0.239
0.682667 0.234444
0.679667 0.237778
0.67726 0.242333
0.6811 0.242333
0.683 0.243333
0.6873 0.243667
0.6903 0.243667
0.6941 0.245667
0.699004 0.246662
0.7009 0.249
0.705168 0.250042
0.702969 0.253021
0.705867 0.25688
0.701207 0.257603
0.699 0.253333
0.697 0.25
0.69525 0.251667
0.6917 0.249667
0.6893 0.250333
0.687 0.25
0.6851 0.247667
0.683333 0.252222
0.681333 0.250556
0.679 0.248333
0.677059 0.251434
0.679667 0.257222
0.677882 0.259869
0.682 0.260556
0.684786 0.258333
0.6869 0.257667
0.689 0.256667
0.6915 0.256667
0.694167 0.256111
0.6971 0.257667
0.698955 0.260422
0.696153 0.264433
0.694044 0.265587
0.69175 0.2675
0.6913 0.263
0.6885 0.263333
0.685333 0.267222
0.6813 0.266333
0.678537 0.266631
0.67866 0.274096
0.6813 0.273667
0.683357 0.270238
0.687 0.27
0.689 0.27
0.692185 0.273612
0.6901 0.275667
0.688 0.276667
0.6855 0.276667
0.6887 0.282517
0.686992 0.287987
0.685333 0.283889
0.683 0.281667
0.6807 0.279667
0.679012 0.284916
0.680786 0.28881
0.6835 0.290714
0.685272 0.29545
0.681214 0.296429
0.680389 0.302297
0.683388 0.302437
0.821536 0.360475
0.824227 0.362163
0.8223 0.367
0.826092 0.366822
0.827952 0.374989
0.8255 0.373333
0.8225 0.373333
0.816388 0.379813
0.8225 0.379167
0.8255 0.38
0.828142 0.38352
0.823333 0.385556
0.826 0.386667
0.82525 0.390833
0.82834 0.39075
0.829342 0.396009
0.8253 0.396333
0.8231 0.394333
0.81675 0.395834
0.8229 0.402333
0.8249 0.405667
0.826667 0.401111
0.830307 0.401703
0.8289 0.405667
0.8316 0.408318
0.834188 0.409218
0.836391 0.413246
0.833167 0.415556
0.8305 0.415667
0.829 0.413333
0.8271 0.409
0.823333 0.411111
0.825333 0.415556
0.8279 0.419
0.82275 0.418333
0.8237 0.423667
0.8265 0.422333
0.83 0.423333
0.83175 0.421667
0.8355 0.42
0.838871 0.421337
0.8335 0.425952
0.8365 0.426667
0.838602 0.431592
0.8357 0.433
0.8327 0.433667
0.831 0.43
0.8287 0.428333
0.8255 0.428333
0.823333 0.431111
0.828 0.433333
0.82675 0.435833
0.825 0.438333
0.8225 0.438333
0.823 0.443333
0.8165 0.445666
0.8225 0.448889
0.8255 0.446667
0.8277 0.443
0.831786 0.441667
0.829667 0.437778
0.834667 0.438889
0.837 0.438333
0.838325 0.441208
0.836826 0.446469
0.8339 0.445667
0.830333 0.447778
0.836354 0.451907
0.8345 0.454167
0.832333 0.452222
0.8295 0.454167
0.8279 0.451
0.8255 0.453333
0.82175 0.455
0.823333 0.458889
0.825999 0.459995
0.828 0.45999
0.83 0.46
0.832498 0.459994
0.8351 0.460356
0.832337 0.466932
0.829987 0.467976
0.828005 0.468097
0.825927 0.467996
0.823828 0.465534
0.820833 0.463333
0.815834 0.464445
0.822211 0.471644
0.82017 0.476726
0.81425 0.48
0.823831 0.48991
0.826669 0.489584
0.829003 0.490019
0.831498 0.490013
0.834446 0.49017
0.837388 0.492945
0.8345 0.496667
0.832 0.496667
0.8299 0.497667
0.828 0.496667
0.8259 0.495667
0.824 0.496667
0.821885 0.494578
0.819688 0.497564
0.81807 0.50352
0.8211 0.504333
0.823 0.503333
0.8255 0.503333
0.828 0.503333
0.8317 0.503
0.8347 0.503
0.8375 0.5
0.840196 0.49679
0.842355 0.503356
0.8401 0.504333
0.8383 0.507
0.8361 0.509
0.834 0.508333
0.830214 0.508333
0.8281 0.511
0.8257 0.510333
0.8233 0.509667
0.81975 0.508333
0.818016 0.511602
0.821 0.513333
0.81947 0.517746
0.822 0.52
0.8237 0.516333
0.8265 0.516667
0.8305 0.516667
0.832667 0.512222
0.838 0.513333
0.84 0.513333
0.842 0.511667
0.844103 0.509617
0.845656 0.515576
0.8439 0.519
0.842 0.521667
0.8397 0.519667
0.836214 0.518333
0.8341 0.519
0.832333 0.522778
0.83 0.523333
0.827643 0.522619
0.8245 0.523333
0.820024 0.523264
0.821877 0.527614
0.8255 0.53
0.828 0.53
0.8301 0.531
0.832 0.53
0.8339 0.532333
0.836667 0.534444
0.8395 0.535
0.8423 0.537
0.8445 0.534167
0.843 0.53
0.840667 0.528889
0.8355 0.527381
0.838214 0.525
0.8447 0.525
0.84736 0.52385
0.846 0.53
0.848896 0.532145
0.847333 0.537778
0.849856 0.541973
0.845214 0.541667
0.8427 0.543
0.8383 0.540333
0.835333 0.541111
0.8331 0.542333
0.8307 0.543
0.8317 0.537
0.8285 0.537381
0.8257 0.536333
0.822515 0.533308
0.822766 0.540408
0.825 0.541667
0.827 0.543333
0.823915 0.547524
0.8265 0.55
0.8295 0.547778
0.832333 0.551111
0.834667 0.548889
0.8375 0.546667
0.8405 0.545952
0.8433 0.549667
0.8461 0.549
0.848 0.546667
0.850116 0.550998
0.8483 0.553667
0.8445 0.555
0.8405 0.553333
0.836667 0.554444
0.8383 0.557
0.834214 0.558333
0.8313 0.557
0.8287 0.553667
0.824617 0.554983
0.8265 0.558333
0.828667 0.561111
0.824992 0.563873
0.8267 0.567
0.8307 0.563667
0.8329 0.565667
0.8365 0.563333
0.8405 0.56
0.8429 0.559
0.846667 0.558889
0.849391 0.559951
0.845333 0.564444
0.849213 0.566582
0.8471 0.569
0.843214 0.568333
0.8407 0.566333
0.838333 0.568889
0.8355 0.568889
0.831 0.57
0.828667 0.571111
0.82586 0.574169
0.8275 0.578333
0.8307 0.576333
0.8333 0.573
0.8353 0.576333
0.8385 0.576667
0.8407 0.573
0.845 0.573889
0.848401 0.575055
0.8417 0.578333
0.83575 0.580833
0.8327 0.580333
0.8295 0.580833
0.826214 0.584351
0.8295 0.586667
0.8327 0.586333
0.8353 0.586333
0.8381 0.584333
0.8403 0.583667
0.843333 0.582778
0.845333 0.580556
0.847174 0.583465
0.84586 0.59078
0.844 0.591667
0.842 0.591667
0.8397 0.590333
0.8369 0.591
0.8345 0.593333
0.8315 0.591667
0.826844 0.590174
0.8289 0.594333
0.826788 0.596667
0.8301 0.599
0.8321 0.599
0.8343 0.599667
0.8377 0.597
0.840333 0.597778
0.843435 0.600073
0.841555 0.605174
0.8385 0.603333
0.835667 0.604444
0.8313 0.606333
0.8279 0.604333
0.826333 0.604695
0.8291 0.609
0.827214 0.615
0.829833 0.616111
0.8327 0.617
0.832 0.611667
0.834 0.61
0.8361 0.612333
0.838 0.61
0.840096 0.610204
0.838181 0.616258
0.835415 0.619841
0.833 0.623333
0.827786 0.624524
0.8305 0.624048
0.834575 0.628771
0.832214 0.631667
0.8295 0.631667
0.835274 0.637843
0.833333 0.639444
0.830333 0.638889
0.830833 0.645555
0.832786 0.64881
0.835087 0.648132
0.837779 0.652806
0.842 0.648333
0.839259 0.647456
0.840637 0.641211
0.842914 0.638873
0.845692 0.638904
0.844099 0.645676
0.846 0.646667
0.848057 0.645281
0.848783 0.652681
0.8469 0.655667
0.8445 0.654048
0.8415 0.655556
0.8399 0.659
0.837586 0.66101
0.833814 0.6566
0.83 0.657222
0.833133 0.663097
0.832227 0.669093
0.838634 0.667958
0.8411 0.665667
0.8431 0.662333
0.8455 0.662619
0.848732 0.661476
0.847849 0.668665
0.846146 0.672287
0.843901 0.67099
0.842102 0.672314
0.8398 0.673933
0.844407 0.678301
0.841625 0.679268
0.83208 0.677984
0.832 0.695
0.831803 0.706479
0.831577 0.719716
0.831501 0.735001
0.831509 0.753341
0.831513 0.773344
0.81417 0.77389
0.800847 0.798344
0.831518 0.793275
0.831505 0.81447
0.831508 0.838334
0.831525 0.860189
0.782476 0.856868
0.782503 0.838355
0.770253 0.832759
0.767701 0.829667
0.764704 0.830371
0.766161 0.835303
0.768241 0.837371
0.731192 0.859231
0.731502 0.841667
0.731501 0.824984
0.721501 0.813547
0.731503 0.806556
0.749826 0.797224
0.731507 0.786673
0.7215 0.795
0.703497 0.799168
0.7153 0.78196
0.721506 0.779461
0.7196 0.777489
0.716905 0.775723
0.7183 0.771659
0.721096 0.769326
0.709999 0.766667
0.718664 0.765554
0.722293 0.763719
0.719665 0.75892
0.72117 0.753016
0.727233 0.735102
0.719683 0.733029
0.723501 0.710185
0.738048 0.699531
0.735056 0.694965
0.734051 0.687707
0.7375 0.688333
0.740071 0.692619
0.742 0.691667
0.744611 0.688704
0.745786 0.681667
0.748294 0.680565
0.751722 0.683889
0.754125 0.68375
0.756625 0.685417
0.7595 0.685
0.762864 0.685303
0.766502 0.684993
0.7725 0.687222
0.775071 0.689286
0.7775 0.688333
0.7805 0.691667
0.7835 0.69
0.786375 0.69125
0.7895 0.690714
0.7945 0.695
0.791625 0.695417
0.788167 0.698704
0.783375 0.697917
0.777389 0.697963
0.773278 0.696482
0.76925 0.692778
0.766167 0.695741
0.763 0.694333
0.758929 0.693571
0.7545 0.694048
0.7506 0.692667
0.7477 0.693333
0.745214 0.698333
0.742833 0.698889
0.740788 0.704941
0.743621 0.70786
0.746498 0.706687
0.7495 0.704333
0.752135 0.71016
0.748653 0.713724
0.754611 0.716078
0.758833 0.715
0.761786 0.716905
0.765654 0.716198
0.768371 0.715379
0.772092 0.718705
0.775578 0.718185
0.778502 0.720476
0.785467 0.714766
0.788956 0.713245
0.782612 0.714621
0.780389 0.712037
0.777875 0.710833
0.7735 0.71
0.770375 0.71
0.763071 0.71119
0.758 0.707333
0.755 0.705
0.7525 0.699286
0.75675 0.6975
0.760357 0.699762
0.762125 0.704583
0.765 0.705
0.7675 0.705
0.771167 0.702037
0.775833 0.70463
0.7807 0.702
0.785167 0.704722
0.7885 0.706667
0.791389 0.70537
0.793669 0.70714
0.796612 0.70464
0.7982 0.697667
0.801956 0.696602
0.800928 0.690714
0.805024 0.683587
0.801611 0.680556
0.799071 0.684048
0.797375 0.68875
0.794357 0.685952
0.792 0.685
0.789375 0.682083
0.786625 0.682083
0.783 0.682333
0.78 0.679444
0.776389 0.679074
0.774164 0.674794
0.771587 0.679441
0.769497 0.682245
0.764789 0.677469
0.7615 0.675
0.758625 0.675417
0.755165 0.675362
0.750319 0.674899
0.752461 0.669495
0.748217 0.668284
0.745768 0.671257
0.740544 0.673217
0.743509 0.676273
0.740864 0.68197
0.7375 0.678333
0.7345 0.678333
0.731642 0.68241
0.729255 0.678127
0.727496 0.669023
0.731 0.671667
0.7345 0.668333
0.737567 0.668084
0.740338 0.666211
0.742502 0.668215
0.744333 0.664444
0.7463 0.661667
0.7491 0.661
0.7509 0.664333
0.754619 0.666093
0.757197 0.668239
0.759625 0.664583
0.7625 0.665
0.764919 0.668532
0.767183 0.670463
0.768534 0.674834
0.771329 0.67256
0.772483 0.666654
0.775581 0.667851
0.7785 0.669
0.781214 0.667857
0.7835 0.67
0.7855 0.675
0.788625 0.672083
0.7914 0.674333
0.795136 0.67803
0.799046 0.674394
0.804 0.675
0.808654 0.673029
0.8062 0.668667
0.802 0.668333
0.797375 0.667917
0.794625 0.66875
0.792375 0.664583
0.786833 0.66537
0.789591 0.659546
0.7856 0.657333
0.782409 0.657121
0.779722 0.657963
0.775958 0.659041
0.772482 0.659302
0.7695 0.664048
0.766792 0.661672
0.764773 0.657795
0.768901 0.655676
0.770502 0.654346
0.766775 0.652606
0.763125 0.6525
0.760619 0.655415
0.757243 0.658713
0.7545 0.66
0.7521 0.657667
0.749643 0.654048
0.746833 0.655556
0.743786 0.655
0.7415 0.659286
0.739333 0.657222
0.737266 0.658629
0.734663 0.657806
0.731945 0.663148
0.725609 0.659429
0.7285 0.659444
0.7308 0.654
0.724283 0.65051
0.728 0.648333
0.732625 0.647917
0.73565 0.649955
0.7381 0.649
0.74 0.648333
0.742214 0.648333
0.7457 0.649667
0.7487 0.647
0.7513 0.646333
0.7525 0.65
0.7541 0.652333
0.756 0.651667
0.758262 0.650949
0.760321 0.646591
0.765 0.645
0.768638 0.645789
0.771602 0.648368
0.774329 0.651434
0.778 0.651
0.7745 0.642619
0.7782 0.642333
0.7813 0.643333
0.784136 0.646818
0.787389 0.649444
0.790137 0.646515
0.793389 0.64463
0.795625 0.64125
0.798255 0.641337
0.796944 0.650556
0.7927 0.654667
0.795 0.658333
0.797625 0.65875
0.800323 0.660875
0.803874 0.660576
0.811767 0.663277
0.8095 0.660556
0.806568 0.657016
0.80875 0.651193
0.812722 0.652778
0.815035 0.65179
0.811214 0.645
0.80887 0.642367
0.813625 0.64125
0.816536 0.639693
0.811037 0.6339
0.8147 0.631667
0.81797 0.626112
0.811959 0.624818
0.815167 0.621296
0.812468 0.615151
0.818598 0.613656
0.815375 0.612083
0.813101 0.604652
0.8165 0.605
0.818623 0.601249
0.816214 0.595
0.81324 0.595
0.818692 0.590062
0.816 0.585
0.812404 0.583579
0.817456 0.575529
0.814611 0.576111
0.812148 0.571465
0.814978 0.565
0.81113 0.563878
0.811015 0.557211
0.814619 0.555445
0.812723 0.550449
0.809617 0.551341
0.808846 0.544771
0.812571 0.542281
0.80732 0.537767
0.810641 0.535767
0.80741 0.528318
0.804899 0.529057
0.803617 0.520743
0.7952 0.524
0.791056 0.526852
0.796718 0.532502
0.793375 0.532083
0.7885 0.531
0.785625 0.535417
0.783389 0.530556
0.78075 0.5325
0.778375 0.535417
0.775722 0.53463
0.774214 0.529762
0.771625 0.53125
0.765944 0.529074
0.760833 0.527963
0.7575 0.526667
0.763611 0.522778
0.766944 0.519815
0.769375 0.524583
0.772625 0.522083
0.7755 0.52
0.7787 0.525
0.7822 0.520667
0.786045 0.523788
0.789833 0.518704
0.793375 0.517917
0.797833 0.518433
0.800952 0.514786
0.795389 0.509444
0.797901 0.506758
0.793826 0.500119
0.791379 0.503167
0.788513 0.506792
0.791944 0.510556
0.788167 0.513889
0.785 0.514333
0.780611 0.514259
0.777833 0.515556
0.776722 0.509809
0.773049 0.509537
0.768988 0.508667
0.770625 0.515417
0.766233 0.511231
0.763481 0.511082
0.761269 0.51634
0.758616 0.516342
0.755836 0.517498
0.753454 0.520857
0.750655 0.521334
0.748382 0.525008
0.745702 0.524915
0.743 0.529444
0.739003 0.527192
0.731364 0.52811
0.728439 0.528592
0.733684 0.530937
0.736431 0.530776
0.7405 0.532619
0.7463 0.535
0.7495 0.533333
0.7525 0.532333
0.755389 0.531296
0.759167 0.53537
0.763586 0.535853
0.767719 0.536141
0.769833 0.536667
0.7715 0.541667
0.7735 0.544167
0.775643 0.547857
0.777625 0.544583
0.78 0.545
0.7825 0.542333
0.7847 0.547333
0.790583 0.549445
0.787591 0.543788
0.790625 0.53875
0.7935 0.542333
0.796375 0.54125
0.798574 0.544756
0.799439 0.553428
0.7955 0.552333
0.792864 0.556818
0.797786 0.559762
0.800703 0.562319
0.796 0.565
0.790611 0.562407
0.787214 0.563095
0.783 0.558333
0.787136 0.555303
0.780833 0.553148
0.777833 0.555741
0.774136 0.556515
0.768611 0.553889
0.770833 0.550556
0.766649 0.546819
0.762477 0.542911
0.760067 0.545345
0.757391 0.543649
0.754136 0.54197
0.7505 0.541667
0.7475 0.545
0.744278 0.542778
0.7416 0.542333
0.738929 0.540714
0.7365 0.542333
0.733625 0.54125
0.730375 0.537916
0.727617 0.538589
0.732 0.546667
0.727416 0.548565
0.730223 0.55159
0.734584 0.554088
0.737607 0.553865
0.740406 0.552903
0.742979 0.555807
0.747108 0.556184
0.745215 0.551676
0.750247 0.551518
0.753947 0.549938
0.763332 0.560659
0.766373 0.55874
0.7715 0.561667
0.768833 0.565741
0.765167 0.567963
0.760578 0.569414
0.758115 0.570131
0.755614 0.571744
0.752026 0.57328
0.748822 0.574896
0.747334 0.581124
0.745211 0.577865
0.742301 0.578327
0.738772 0.576523
0.734264 0.57657
0.730243 0.578709
0.727943 0.586175
0.7317 0.586667
0.734375 0.584583
0.737375 0.583333
0.74 0.585417
0.7356 0.592
0.739786 0.593095
0.745013 0.593418
0.743177 0.588086
0.746155 0.588213
0.748592 0.589282
0.751381 0.589313
0.754444 0.590544
0.752389 0.581296
0.75575 0.580417
0.757722 0.58463
0.760167 0.583148
0.762864 0.576515
0.766625 0.575417
0.7695 0.574048
0.7725 0.571667
0.774333 0.567778
0.776833 0.564259
0.780045 0.566212
0.784046 0.567121
0.787944 0.570556
0.7915 0.571667
0.794125 0.570833
0.7995 0.571667
0.802231 0.573858
0.797056 0.576111
0.800833 0.581296
0.794864 0.58197
0.7915 0.581667
0.7885 0.579444
0.7855 0.577667
0.7825 0.576667
0.778864 0.575303
0.775833 0.574444
0.775 0.581667
0.77175 0.579167
0.76875 0.582917
0.765167 0.583519
0.762125 0.589167
0.7645 0.592619
0.7675 0.591667
0.770125 0.5925
0.7725 0.587381
0.777625 0.585417
0.780278 0.58537
0.782318 0.591061
0.785167 0.587593
0.78925 0.588333
0.792625 0.59125
0.795375 0.59125
0.7988 0.587333
0.802211 0.591135
0.797722 0.596482
0.8025 0.601667
0.7997 0.603333
0.795045 0.602879
0.7908 0.605667
0.7875 0.605
0.79175 0.598333
0.788 0.595
0.785 0.599667
0.782389 0.602778
0.779786 0.598809
0.777611 0.596111
0.7748 0.592667
0.7716 0.599
0.767 0.6
0.762945 0.599444
0.759498 0.595008
0.756494 0.595875
0.7535 0.598333
0.751 0.596667
0.7489 0.597667
0.747 0.596667
0.7453 0.600333
0.742911 0.597774
0.740918 0.599259
0.736773 0.600758
0.733167 0.599074
0.7302 0.596
0.726384 0.594622
0.727833 0.602037
0.724806 0.604959
0.7305 0.609
0.7335 0.607381
0.739315 0.605379
0.741667 0.608889
0.7435 0.605
0.7457 0.607
0.7479 0.605667
0.75 0.603333
0.7523 0.603667
0.756915 0.602847
0.7553 0.607
0.758322 0.609479
0.760335 0.606278
0.763625 0.607917
0.767 0.607667
0.7705 0.609444
0.772786 0.606429
0.775682 0.604394
0.779833 0.607963
0.7845 0.611667
0.7875 0.615
0.790625 0.614583
0.794 0.612333
0.797389 0.610556
0.802127 0.612054
0.799 0.616667
0.800851 0.62177
0.796136 0.623485
0.793 0.621667
0.789056 0.622778
0.784786 0.620238
0.781625 0.615417
0.778278 0.61463
0.775929 0.615952
0.7737 0.616667
0.769167 0.616482
0.765389 0.617222
0.762609 0.616478
0.760536 0.619589
0.7589 0.617667
0.756667 0.621111
0.754333 0.618889
0.752 0.616667
0.7563 0.613667
0.7535 0.611667
0.7515 0.609167
0.7499 0.612333
0.748 0.613333
0.7459 0.614333
0.743786 0.615
0.74075 0.615
0.739001 0.613338
0.737168 0.611454
0.735377 0.613609
0.7325 0.616667
0.7279 0.613
0.724409 0.616212
0.730214 0.621667
0.727 0.623333
0.723287 0.628181
0.72525 0.632917
0.728833 0.632037
0.732 0.628333
0.734551 0.623402
0.737133 0.621107
0.7393 0.620333
0.7423 0.620333
0.7453 0.623667
0.7475 0.62
0.75 0.62
0.752 0.623333
0.7545 0.625833
0.7503 0.627
0.7481 0.627667
0.7455 0.629167
0.7425 0.626667
0.7397 0.626333
0.736526 0.628341
0.735028 0.633672
0.7381 0.632333
0.74 0.633333
0.7423 0.633
0.744667 0.635556
0.747214 0.635
0.7505 0.633333
0.753 0.631667
0.755333 0.632222
0.757667 0.627778
0.760481 0.627859
0.763375 0.627917
0.7655 0.631667
0.768625 0.62875
0.767071 0.622619
0.7715 0.624333
0.7745 0.629
0.777864 0.624697
0.781833 0.62463
0.7853 0.628333
0.789 0.631
0.793389 0.630926
0.799142 0.629236
0.796786 0.633571
0.791278 0.636852
0.786864 0.638636
0.783167 0.63537
0.78 0.631667
0.776833 0.63537
0.7725 0.6375
0.7705 0.635833
0.767167 0.637963
0.762663 0.638905
0.759156 0.63444
0.7567 0.637
0.75996 0.639959
0.758 0.643333
0.756 0.643333
0.754 0.641667
0.7515 0.64
0.749 0.64
0.747 0.643333
0.7447 0.643667
0.743 0.64
0.741 0.64
0.7387 0.639667
0.736669 0.642774
0.734665 0.640676
0.7314 0.639
0.7285 0.64
0.725136 0.641364
0.718416 0.638333
0.707279 0.640465
0.705628 0.645764
0.7025 0.645
0.6995 0.646667
0.696417 0.647222
0.692 0.645667
0.688389 0.646111
0.685625 0.644593
0.68175 0.639583
0.675409 0.644394
0.678278 0.643899
0.681998 0.646345
0.683597 0.651448
0.680256 0.652001
0.677458 0.654071
0.6745 0.653889
0.672167 0.656852
0.6693 0.658667
0.6663 0.654667
0.663289 0.658257
0.66464 0.664923
0.669 0.6675
0.6715 0.67
0.666611 0.670556
0.66527 0.677059
0.668786 0.678333
0.6715 0.680714
0.674167 0.67537
0.677782 0.675789
0.680547 0.675668
0.683456 0.678841
0.686989 0.675376
0.6825 0.672493
0.684849 0.672083
0.690167 0.672037
0.695 0.668333
0.692046 0.665
0.688385 0.663886
0.685705 0.664963
0.6827 0.667
0.67951 0.667371
0.676391 0.668836
0.674375 0.664583
0.678283 0.660746
0.6815 0.6625
0.681699 0.657009
0.684318 0.658921
0.686735 0.654687
0.6905 0.655
0.6936 0.655667
0.6965 0.658333
0.6995 0.655
0.7025 0.655
0.705582 0.655278
0.699167 0.66463
0.704186 0.664917
0.7018 0.668333
0.6979 0.673333
0.70199 0.678845
0.698833 0.682037
0.6953 0.68
0.692591 0.680455
0.6895 0.681667
0.686625 0.684583
0.684 0.688333
0.680703 0.68498
0.676611 0.68463
0.673625 0.685417
0.667317 0.686392
0.670625 0.689167
0.669138 0.695339
0.673833 0.695833
0.6773 0.692667
0.681 0.694333
0.685928 0.694048
0.689944 0.690556
0.6935 0.691667
0.6965 0.689286
0.700141 0.690505
0.696389 0.698704
0.698595 0.700855
0.694 0.703333
0.690833 0.698704
0.687625 0.69875
0.6832 0.700667
0.6785 0.701667
0.6755 0.705
0.670958 0.7017
0.672523 0.709567
0.675014 0.714973
0.6783 0.713333
0.6811 0.708
0.684722 0.707963
0.687214 0.707857
0.6915 0.706667
0.68925 0.710833
0.69584 0.7129
0.692167 0.71463
0.693598 0.721959
0.690375 0.722083
0.687375 0.71875
0.684625 0.717917
0.682214 0.718809
0.680167 0.72
0.676037 0.722465
0.678396 0.726204
0.682156 0.728574
0.686005 0.728311
0.689493 0.729161
0.663788 0.743573
0.664334 0.755
0.661 0.758333
0.671671 0.757781
0.665643 0.767857
0.658834 0.775
0.664667 0.775556
0.667 0.776667
0.668 0.783333
0.6653 0.783
0.6631 0.782333
0.662 0.79
0.6643 0.790333
0.666667 0.788889
0.6693 0.790333
0.6695 0.796667
0.672956 0.801959
0.669443 0.803275
0.667028 0.798125
0.664478 0.796999
0.6615 0.796667
0.65425 0.7975
0.6595 0.800833
0.662324 0.802874
0.65938 0.806301
0.657114 0.808886
0.649334 0.808334
0.654959 0.815301
0.664911 0.819134
0.667391 0.815159
0.670228 0.816512
0.6689 0.822333
0.671216 0.825022
0.6669 0.824333
0.664673 0.826637
0.6685 0.83
0.670396 0.83463
0.682533 0.849774
0.667552 0.83701
0.665317 0.833301
0.634222 0.840685
0.631503 0.821596
0.620783 0.797572
0.641396 0.720669
0.638669 0.722786
0.636503 0.721667
0.634274 0.71969
0.631827 0.714298
0.636 0.711667
0.6395 0.714048
0.643959 0.715688
0.646976 0.710205
0.649274 0.701507
0.646 0.701667
0.643278 0.706111
0.6406 0.705667
0.637625 0.704583
0.634375 0.702083
0.6317 0.705333
0.628476 0.706011
0.626889 0.69803
0.624622 0.692968
0.629728 0.693851
0.632165 0.693185
0.634289 0.690777
0.636625 0.695417
0.64 0.695667
0.643625 0.695417
0.647056 0.693889
0.650147 0.689872
0.6467 0.685
0.64275 0.688333
0.638476 0.686545
0.635618 0.686059
0.633302 0.682995
0.631015 0.681514
0.628557 0.684823
0.625747 0.683397
0.628847 0.67684
0.62677 0.67207
0.629939 0.671667
0.6323 0.673
0.635 0.673333
0.6335 0.6775
0.636483 0.679252
0.64075 0.6825
0.643722 0.679444
0.652476 0.681117
0.6497 0.678
0.6465 0.674333
0.642 0.671667
0.639255 0.674636
0.637485 0.670728
0.635214 0.665
0.633 0.665
0.6311 0.664333
0.629047 0.666698
0.627538 0.661272
0.629618 0.657716
0.632014 0.655401
0.633919 0.655861
0.636587 0.658066
0.638456 0.662417
0.641357 0.664048
0.6445 0.665667
0.647625 0.663333
0.649611 0.667963
0.6525 0.668333
0.656231 0.665
0.653826 0.658705
0.651045 0.656515
0.646833 0.65537
0.6443 0.652667
0.641625 0.655417
0.6395 0.650833
0.637667 0.647778
0.635321 0.651527
0.629524 0.648922
0.630359 0.641138
0.633412 0.642871
0.636214 0.641667
0.638682 0.636818
0.642625 0.636667
0.645375 0.64125
0.641833 0.64463
0.647722 0.646111
0.650375 0.647917
0.655131 0.650895
0.653375 0.644583
0.6503 0.638333
0.653378 0.635416
0.661294 0.638264
0.663786 0.641667
0.6663 0.645333
0.662384 0.648703
0.669375 0.64875
0.671611 0.643889
0.669 0.638333
0.673955 0.636212
0.679 0.634333
0.683625 0.634583
0.6865 0.635
0.6895 0.638333
0.6918 0.633667
0.694389 0.639444
0.6995 0.64
0.697056 0.634259
0.699731 0.631483
0.702601 0.635069
0.704754 0.630175
0.707908 0.633105
0.709469 0.626894
0.706504 0.62118
0.70951 0.620006
0.710703 0.612349
0.708035 0.611145
0.708758 0.601478
0.711576 0.600996
0.710449 0.591689
0.713416 0.58868
0.710992 0.581921
0.714327 0.576707
0.711739 0.57338
0.715525 0.567415
0.712833 0.56407
0.716258 0.55722
0.713516 0.555054
0.717487 0.547927
0.714144 0.544343
0.716841 0.539086
0.719063 0.533506
0.714807 0.530437
0.717389 0.527222
0.719591 0.520844
0.716025 0.518105
0.719164 0.51203
0.716169 0.507851
0.720675 0.502972
0.7179 0.500333
0.716672 0.492909
0.71944 0.489278
0.721582 0.489988
0.73054 0.49448
0.734879 0.491927
0.739007 0.491631
0.742526 0.490924
0.745505 0.488736
0.748534 0.487448
0.751495 0.485369
0.754347 0.485218
0.759501 0.481697
0.763166 0.4824
0.756706 0.482432
0.72245 0.453114
0.720368 0.449012
0.717737 0.448939
0.718238 0.456943
0.70986 0.45613
0.707893 0.46019
0.705093 0.462958
0.708698 0.467993
0.705105 0.471274
0.701173 0.47002
0.698021 0.475106
0.702869 0.477592
0.700192 0.48147
0.697256 0.484866
0.694889 0.479324
0.691923 0.484533
0.694522 0.49012
0.690933 0.493479
0.688015 0.488543
0.684005 0.492038
0.680389 0.494748
0.677588 0.495952
0.672785 0.496428
0.669272 0.498065
0.666627 0.497465
0.662473 0.494986
0.65864 0.491429
0.646539 0.481872
0.642115 0.476157
0.630958 0.461425
0.634025 0.466469
0.637132 0.470467
0.639707 0.474942
0.643864 0.48081
0.648851 0.485836
0.651223 0.486435
0.655992 0.491996
0.659479 0.497873
0.664137 0.499939
0.671256 0.503524
0.674722 0.501296
0.677979 0.503307
0.681933 0.501925
0.685371 0.498649
0.688219 0.497708
0.707132 0.509685
0.705488 0.515596
0.70248 0.517788
0.698948 0.521626
0.695493 0.526563
0.698833 0.531667
0.7015 0.528333
0.705302 0.524429
0.7046 0.531629
0.702375 0.537917
0.70438 0.542609
0.699591 0.543788
0.702498 0.548918
0.702626 0.557571
0.6995 0.555667
0.696611 0.552778
0.6942 0.547333
0.690833 0.552037
0.686278 0.555741
0.688389 0.560556
0.69175 0.56
0.694278 0.559444
0.697611 0.563889
0.701227 0.565326
0.70063 0.572659
0.695167 0.568704
0.6905 0.567381
0.6848 0.564
0.6818 0.560333
0.6785 0.563333
0.676389 0.567963
0.680071 0.569286
0.682616 0.572113
0.6856 0.574333
0.688409 0.573788
0.692056 0.573889
0.6945 0.578333
0.697722 0.576111
0.700482 0.580863
0.699261 0.588539
0.696611 0.586111
0.692929 0.587381
0.691071 0.583095
0.689 0.585
0.686482 0.585045
0.683113 0.587314
0.6807 0.589667
0.6773 0.591667
0.6751 0.592333
0.672547 0.592306
0.66925 0.589167
0.66775 0.595
0.663945 0.592037
0.660786 0.591667
0.658301 0.597512
0.662056 0.599444
0.6655 0.601667
0.668375 0.605417
0.670611 0.600556
0.673634 0.599963
0.676667 0.598889
0.679333 0.595556
0.682 0.596667
0.68125 0.600833
0.684343 0.599943
0.688071 0.602143
0.684398 0.592597
0.687375 0.594583
0.6905 0.595667
0.694167 0.593518
0.697863 0.597051
0.695214 0.601667
0.692375 0.603333
0.696908 0.608507
0.6933 0.611667
0.689625 0.60875
0.686389 0.610556
0.684142 0.607597
0.681975 0.607994
0.6799 0.605667
0.6781 0.605667
0.675506 0.604162
0.673261 0.608568
0.676092 0.610628
0.678005 0.61438
0.680299 0.614843
0.683611 0.617963
0.687611 0.619444
0.6905 0.618333
0.696262 0.618333
0.693 0.623333
0.695598 0.62761
0.689167 0.627963
0.685 0.625667
0.681389 0.626111
0.6785 0.625
0.675722 0.628704
0.672278 0.628704
0.669643 0.630714
0.66625 0.633056
0.6635 0.629
0.6604 0.628599
0.659535 0.617974
0.6625 0.618333
0.665625 0.62125
0.668864 0.62197
0.675376 0.618731
0.6725 0.618333
0.669945 0.613148
0.666 0.612333
0.6627 0.608333
0.659516 0.608295
0.652073 0.614031
0.649625 0.614583
0.646375 0.614583
0.64325 0.6125
0.639494 0.614281
0.636837 0.611943
0.634994 0.613314
0.632698 0.616997
0.634878 0.620635
0.636832 0.623495
0.639375 0.624583
0.642278 0.620556
0.644929 0.623095
0.648 0.621667
0.652625 0.624592
0.650389 0.627963
0.6475 0.632333
0.644625 0.63125
0.640929 0.630714
0.635 0.632333
0.630886 0.631927
0.632523 0.624081
0.630155 0.621874
0.630971 0.61341
0.633 0.61
0.631384 0.606332
0.6347 0.606333
0.63747 0.604899
0.641619 0.605405
0.645 0.605
0.648625 0.605417
0.651253 0.604169
0.647167 0.598889
0.650412 0.592877
0.647786 0.591667
0.6445 0.595
0.641327 0.596565
0.639301 0.600009
0.635 0.6
0.633 0.6
0.631157 0.598466
0.636667 0.595556
0.6335 0.592619
0.631596 0.588594
0.6355 0.587381
0.6381 0.591
0.6399 0.589
0.642217 0.588801
0.6455 0.585952
0.650477 0.582046
0.647625 0.58125
0.643535 0.581054
0.641 0.583333
0.638 0.583333
0.632714 0.583015
0.6355 0.580833
0.634 0.576667
0.631921 0.575718
0.63625 0.5725
0.637 0.576667
0.639333 0.577778
0.642474 0.57671
0.641 0.573333
0.645474 0.574015
0.649137 0.57197
0.657397 0.570228
0.660389 0.569445
0.6637 0.573333
0.666125 0.574167
0.658352 0.577377
0.6618 0.580667
0.658824 0.585383
0.665167 0.58537
0.6682 0.580667
0.671381 0.582098
0.674293 0.58527
0.6777 0.586333
0.6797 0.583
0.68246 0.581068
0.679482 0.57696
0.677012 0.578797
0.675072 0.577285
0.672786 0.575
0.670375 0.57125
0.667611 0.567222
0.6731 0.564667
0.67 0.561
0.674625 0.557917
0.67675 0.55375
0.679611 0.552778
0.682591 0.549545
0.685375 0.547917
0.6885 0.545667
0.6917 0.541667
0.69675 0.539445
0.693611 0.533889
0.691156 0.530324
0.688578 0.533953
0.686174 0.536948
0.683534 0.537224
0.680334 0.538705
0.677864 0.543485
0.6742 0.547
0.6715 0.551
0.668786 0.55119
0.666625 0.554583
0.663625 0.55125
0.660167 0.547593
0.65712 0.549194
0.658625 0.556667
0.6615 0.555952
0.664833 0.561296
0.662071 0.564048
0.657367 0.562591
0.6495 0.561667
0.6465 0.565
0.643395 0.568491
0.641 0.566667
0.6391 0.569
0.6373 0.566333
0.6349 0.567667
0.632725 0.569695
0.632541 0.563337
0.632033 0.556667
0.6341 0.557667
0.636 0.558333
0.638 0.558333
0.6399 0.559
0.642495 0.561667
0.644192 0.557663
0.6411 0.554333
0.64297 0.551667
0.646833 0.55463
0.6497 0.55
0.6467 0.545
0.643644 0.54517
0.641 0.546667
0.63825 0.545833
0.6387 0.550333
0.636 0.548333
0.6341 0.549
0.631928 0.549039
0.632854 0.542231
0.6349 0.539
0.632239 0.534989
0.636333 0.534444
0.637833 0.539445
0.640633 0.53933
0.643225 0.537753
0.6493 0.538334
0.657031 0.538063
0.6605 0.539286
0.663625 0.542083
0.666375 0.544583
0.6695 0.541012
0.675734 0.537149
0.6723 0.538037
0.666773 0.535574
0.662876 0.53411
0.65921 0.531964
0.656367 0.528938
0.649137 0.528031
0.646318 0.532576
0.643497 0.530006
0.640262 0.531505
0.6377 0.529667
0.6343 0.529667
0.6335 0.524444
0.631801 0.52202
0.636086 0.522475
0.638389 0.523499
0.641493 0.521689
0.644375 0.522083
0.649375 0.518976
0.646543 0.516698
0.6429 0.512032
0.638752 0.516483
0.63437 0.515937
0.631817 0.512246
0.636609 0.50948
0.639444 0.50874
0.634431 0.503652
0.631655 0.50085
0.621177 0.495188
0.618815 0.48909
0.616618 0.484339
0.614514 0.480848
0.605536 0.473064
0.602465 0.471419
0.599499 0.470786
0.59701 0.47092
0.594456 0.472183
0.591493 0.473278
0.58855 0.474496
0.58548 0.476043
0.582363 0.477502
0.579281 0.481404
0.574424 0.485166
0.570964 0.485244
0.5675 0.48708
0.564495 0.48831
0.561065 0.488602
0.556793 0.489882
0.55346 0.488743
0.550519 0.488255
0.547473 0.486276
0.544583 0.484557
0.541558 0.480998
0.533076 0.484097
0.530786 0.485
0.527085 0.485252
0.5295 0.4775
0.527463 0.474625
0.531771 0.473519
0.528297 0.465972
0.519418 0.467576
0.517214 0.471667
0.514357 0.474048
0.518575 0.47872
0.515167 0.481296
0.510864 0.478636
0.507167 0.47537
0.504409 0.480455
0.50175 0.48
0.4983 0.477333
0.5005 0.472619
0.495625 0.474583
0.492944 0.479074
0.495167 0.48463
0.490389 0.483889
0.487 0.487667
0.483786 0.488333
0.481409 0.493788
0.485056 0.496111
0.4885 0.495
0.4923 0.491667
0.495625 0.494583
0.497833 0.489815
0.5007 0.488333
0.50475 0.490833
0.5075 0.485667
0.5103 0.488667
0.513375 0.48875
0.517827 0.488348
0.516181 0.49479
0.52656 0.49512
0.529214 0.491667
0.532702 0.494891
0.530071 0.49881
0.531144 0.5062
0.527625 0.505417
0.525351 0.504699
0.525271 0.515228
0.528357 0.514048
0.531665 0.51637
0.528833 0.522037
0.524874 0.52472
0.530728 0.528972
0.527833 0.530556
0.523332 0.534831
0.526375 0.535417
0.529675 0.539627
0.5267 0.545
0.523164 0.544748
0.521574 0.551831
0.528573 0.552977
0.525375 0.554583
0.523 0.55875
0.520435 0.562266
0.526602 0.562007
0.526429 0.571432
0.523136 0.568636
0.519565 0.571804
0.519102 0.58005
0.5225 0.579
0.525465 0.580161
0.524482 0.589017
0.520945 0.589815
0.518517 0.587768
0.5167 0.594752
0.52273 0.595768
0.522232 0.604779
0.519409 0.602879
0.516334 0.604723
0.513587 0.608915
0.520821 0.614688
0.5175 0.615
0.514375 0.615833
0.510054 0.614315
0.506957 0.616257
0.504214 0.613571
0.5005 0.615952
0.4968 0.614333
0.493375 0.617917
0.490498 0.618333
0.487521 0.617849
0.484677 0.615591
0.482438 0.617897
0.4787 0.615
0.4755 0.618333
0.4705 0.615952
0.469203 0.607623
0.4725 0.61
0.475375 0.60875
0.477625 0.604583
0.480629 0.607936
0.483415 0.608285
0.486432 0.610163
0.489364 0.608787
0.4935 0.609444
0.498667 0.610556
0.501625 0.607917
0.504915 0.605298
0.498 0.603333
0.4945 0.601667
0.4915 0.604048
0.486245 0.602525
0.488625 0.597917
0.4915 0.595
0.495786 0.595
0.498625 0.595417
0.5015 0.598
0.50596 0.595721
0.5028 0.590667
0.49775 0.5875
0.494167 0.590556
0.488786 0.589762
0.485389 0.593889
0.4825 0.598333
0.479786 0.598333
0.473955 0.599546
0.470164 0.597496
0.4772 0.594
0.480167 0.588704
0.483375 0.587917
0.475375 0.587917
0.472611 0.589444
0.46842 0.586573
0.470375 0.583333
0.468119 0.57431
0.471625 0.576667
0.4748 0.579
0.4783 0.579333
0.480833 0.581111
0.4835 0.579286
0.486611 0.582778
0.4895 0.581667
0.492375 0.584583
0.495 0.581667
0.4975 0.58
0.500682 0.582273
0.505 0.583889
0.507694 0.581599
0.507071 0.573095
0.509323 0.569294
0.5055 0.568333
0.503167 0.573519
0.5005 0.571667
0.497 0.572333
0.493786 0.569762
0.492375 0.575417
0.489625 0.572083
0.485955 0.572879
0.4815 0.572619
0.475833 0.571296
0.479 0.567667
0.483278 0.566481
0.485625 0.56125
0.488375 0.564583
0.49175 0.56375
0.4955 0.564048
0.498722 0.563519
0.501875 0.560833
0.504375 0.56125
0.5075 0.56
0.510639 0.560921
0.511423 0.550214
0.5087 0.55
0.50525 0.552917
0.5005 0.555
0.496 0.556667
0.492 0.555667
0.488 0.555
0.484625 0.552083
0.482056 0.557222
0.479056 0.559444
0.4755 0.563333
0.472591 0.566212
0.469875 0.5675
0.468609 0.560913
0.472722 0.55463
0.475375 0.555417
0.477625 0.55125
0.4805 0.549286
0.483 0.545
0.487625 0.545417
0.490375 0.547917
0.493611 0.547222
0.496375 0.54875
0.499214 0.549762
0.5035 0.548333
0.497929 0.542143
0.501833 0.543148
0.506786 0.543571
0.512903 0.539865
0.5095 0.538333
0.50575 0.537917
0.501214 0.535
0.498786 0.535
0.495 0.536667
0.4915 0.538333
0.48875 0.536667
0.48575 0.539583
0.483625 0.535417
0.480786 0.538333
0.478375 0.542083
0.475389 0.543889
0.472167 0.543148
0.4705 0.549167
0.468373 0.552116
0.461595 0.551851
0.456975 0.549906
0.453864 0.546515
0.450786 0.548333
0.455944 0.556111
0.452321 0.556266
0.448483 0.55325
0.445375 0.554583
0.442722 0.553889
0.439375 0.54875
0.436738 0.546431
0.441667 0.545556
0.4453 0.545
0.448833 0.542037
0.451722 0.537222
0.45436 0.534621
0.459126 0.532041
0.462972 0.534075
0.45615 0.538464
0.458633 0.541617
0.461628 0.542034
0.468583 0.539433
0.473167 0.53537
0.476611 0.532778
0.479375 0.53125
0.482375 0.527917
0.48525 0.525833
0.487833 0.528704
0.492 0.53
0.497 0.528333
0.501 0.525417
0.5036 0.531333
0.506227 0.527424
0.5095 0.53
0.512214 0.531667
0.514403 0.525732
0.51 0.522333
0.512833 0.517963
0.515697 0.512388
0.509625 0.51125
0.507 0.516667
0.503 0.518333
0.498833 0.520926
0.495278 0.522037
0.493 0.521667
0.4905 0.521667
0.4875 0.519286
0.4827 0.516667
0.480214 0.521667
0.4775 0.521667
0.472278 0.522407
0.474611 0.526111
0.4705 0.53
0.468313 0.526065
0.463489 0.524954
0.460625 0.524583
0.456764 0.525
0.453692 0.523775
0.451 0.527917
0.448833 0.530556
0.447214 0.535
0.444786 0.534524
0.442611 0.537222
0.439625 0.53875
0.438167 0.533889
0.435483 0.534021
0.433251 0.537903
0.434133 0.543945
0.431882 0.547729
0.434982 0.55
0.433333 0.554444
0.431426 0.557146
0.435911 0.55818
0.4385 0.558333
0.441278 0.561296
0.447125 0.5625
0.444625 0.564583
0.448719 0.568239
0.453857 0.565615
0.456214 0.564524
0.458483 0.566827
0.455321 0.574586
0.459973 0.580394
0.4577 0.58
0.44883 0.577962
0.445625 0.575417
0.443214 0.571667
0.4405 0.571667
0.437833 0.567593
0.434252 0.562603
0.431619 0.562962
0.430596 0.568571
0.433273 0.570364
0.435379 0.573852
0.429045 0.575493
0.431288 0.576332
0.432607 0.581004
0.437864 0.579849
0.440722 0.582778
0.443278 0.582778
0.446625 0.584583
0.449211 0.588333
0.455648 0.586756
0.459139 0.591377
0.456762 0.598226
0.460769 0.602426
0.4585 0.606667
0.456272 0.610214
0.460298 0.615014
0.457161 0.619415
0.448616 0.614828
0.4455 0.611667
0.4425 0.609286
0.440214 0.607857
0.43725 0.602917
0.440214 0.599762
0.4435 0.6
0.446214 0.601667
0.44883 0.605371
0.448304 0.595896
0.4446 0.591333
0.439864 0.59197
0.436611 0.590556
0.4342 0.586667
0.430258 0.584878
0.427908 0.585436
0.427837 0.593318
0.431375 0.594583
0.435 0.597917
0.4325 0.601667
0.428 0.601
0.425266 0.605639
0.4275 0.61
0.4307 0.608333
0.434611 0.610556
0.437375 0.61125
0.43225 0.615833
0.427912 0.617504
0.424119 0.615767
0.421801 0.626893
0.424019 0.625395
0.426004 0.625159
0.428453 0.625232
0.431295 0.62286
0.435167 0.621296
0.438625 0.61875
0.441071 0.619286
0.443214 0.618333
0.445611 0.622778
0.448149 0.626551
0.443389 0.629444
0.439611 0.627963
0.436625 0.62875
0.433398 0.629467
0.430487 0.630744
0.4285 0.635667
0.427 0.633333
0.4247 0.633
0.4229 0.635667
0.420531 0.636653
0.4257 0.639667
0.42225 0.6425
0.418303 0.642517
0.419799 0.647563
0.423 0.646667
0.42475 0.645
0.428214 0.645
0.4261 0.649
0.4287 0.653
0.4273 0.657
0.4243 0.653667
0.421698 0.652216
0.417038 0.652398
0.420412 0.657018
0.414556 0.661354
0.4175 0.661667
0.420533 0.663284
0.423026 0.661303
0.425006 0.661582
0.42729 0.663633
0.429491 0.661588
0.432601 0.660294
0.431285 0.656335
0.435362 0.654556
0.433053 0.650784
0.430667 0.648889
0.435331 0.645387
0.432471 0.643337
0.43 0.64
0.432794 0.636703
0.437 0.637667
0.440833 0.63537
0.445389 0.636482
0.447413 0.640148
0.442389 0.642037
0.438591 0.647121
0.4415 0.650556
0.444833 0.648704
0.447547 0.654927
0.444375 0.657917
0.4395 0.657381
0.437045 0.661667
0.441625 0.662083
0.4452 0.666333
0.4496 0.666333
0.451433 0.661399
0.454875 0.660833
0.458331 0.66506
0.454 0.668333
0.45693 0.67275
0.457347 0.680933
0.454136 0.680152
0.4513 0.675
0.447389 0.671296
0.4425 0.671667
0.4395 0.671
0.436625 0.67125
0.433719 0.667217
0.430612 0.668528
0.427605 0.670955
0.424534 0.66988
0.421378 0.671243
0.418625 0.67125
0.415015 0.670993
0.416949 0.678647
0.422786 0.678333
0.425375 0.677917
0.427667 0.682222
0.429833 0.679815
0.432389 0.677222
0.435375 0.67875
0.439 0.681
0.442643 0.680714
0.445375 0.67875
0.4485 0.681667
0.451125 0.685833
0.455806 0.689772
0.452611 0.692778
0.454864 0.698663
0.450375 0.69875
0.447167 0.699074
0.444625 0.694583
0.4485 0.690714
0.445643 0.687381
0.441833 0.687963
0.439333 0.691111
0.4365 0.688333
0.4334 0.687
0.431389 0.692778
0.428625 0.692083
0.426214 0.688333
0.423625 0.687917
0.420611 0.683148
0.418726 0.686689
0.421525 0.695577
0.425375 0.697917
0.4295 0.700714
0.4269 0.704667
0.422875 0.702917
0.422316 0.710143
0.4248 0.714311
0.428625 0.712083
0.431375 0.70875
0.4345 0.711667
0.437375 0.714583
0.444167 0.712037
0.4407 0.708333
0.437167 0.70537
0.433 0.702083
0.434786 0.697857
0.438056 0.697963
0.441375 0.697917
0.4435 0.702619
0.446944 0.707222
0.450375 0.707917
0.453197 0.70502
0.4685 0.7
0.4679 0.689
0.480714 0.690241
0.48425 0.691667
0.488 0.691
0.490833 0.69537
0.486122 0.699196
0.483608 0.700245
0.487735 0.704604
0.490415 0.706563
0.494532 0.708247
0.49275 0.7025
0.495375 0.69875
0.498099 0.703122
0.501296 0.699664
0.504323 0.693176
0.4995 0.694048
0.496625 0.69125
0.493764 0.689324
0.491526 0.686576
0.496223 0.683411
0.499498 0.684328
0.502389 0.687222
0.507475 0.684944
0.504625 0.68125
0.508 0.676667
0.510462 0.668913
0.507625 0.66875
0.5045 0.671667
0.5015 0.675667
0.497243 0.677477
0.494903 0.677591
0.492752 0.675819
0.492307 0.680275
0.489831 0.678646
0.487257 0.674972
0.48475 0.676667
0.4875 0.683333
0.483929 0.685
0.482071 0.680714
0.4795 0.68
0.4771 0.673584
0.480833 0.671296
0.484167 0.667963
0.487502 0.664465
0.489381 0.669394
0.491102 0.667662
0.4935 0.67
0.498495 0.671036
0.495999 0.668327
0.4935 0.664167
0.490009 0.66001
0.4923 0.659667
0.495498 0.660003
0.498385 0.663344
0.501859 0.664704
0.505643 0.662619
0.508357 0.659286
0.511892 0.658121
0.509375 0.652083
0.505214 0.655
0.5022 0.655667
0.49848 0.655737
0.496438 0.652688
0.49488 0.651217
0.493003 0.651855
0.490381 0.653833
0.487569 0.65673
0.484625 0.65875
0.481409 0.660455
0.479167 0.66
0.477375 0.665417
0.475003 0.664319
0.474415 0.655263
0.477682 0.653182
0.481375 0.647917
0.483722 0.650926
0.487627 0.648757
0.490824 0.648709
0.485929 0.644048
0.4895 0.64
0.49251 0.643377
0.495097 0.641048
0.498496 0.645015
0.501375 0.647917
0.504375 0.644583
0.507 0.646667
0.511167 0.646482
0.514591 0.645913
0.512375 0.63875
0.517194 0.633003
0.514625 0.634583
0.509 0.636667
0.505357 0.635952
0.502375 0.637917
0.4996 0.635667
0.496625 0.634583
0.49175 0.635
0.486991 0.634561
0.484375 0.637917
0.481625 0.637917
0.478875 0.6325
0.475278 0.630185
0.471323 0.635547
0.473625 0.63875
0.476786 0.639762
0.47925 0.6425
0.4755 0.645952
0.472527 0.647455
0.460553 0.654443
0.4575 0.655
0.45467 0.651284
0.456722 0.643889
0.459589 0.645375
0.460796 0.638382
0.455543 0.63652
0.458929 0.634048
0.457 0.627667
0.460602 0.625686
0.470425 0.625259
0.473167 0.623519
0.477786 0.625
0.480513 0.623321
0.482768 0.629402
0.484097 0.624158
0.486302 0.625078
0.489368 0.627895
0.493 0.628333
0.4955 0.623333
0.497786 0.625476
0.500375 0.624583
0.503833 0.621296
0.50275 0.629167
0.506375 0.62875
0.511833 0.628704
0.508625 0.624583
0.511357 0.620714
0.515 0.624333
0.518981 0.624271
0.529035 0.623338
0.530786 0.628333
0.5335 0.630714
0.536625 0.63125
0.535375 0.63875
0.532167 0.638704
0.528836 0.634636
0.526851 0.641493
0.530375 0.645417
0.5335 0.648333
0.536214 0.648809
0.538625 0.647917
0.5415 0.648333
0.544875 0.649583
0.548375 0.654583
0.553214 0.655
0.5507 0.657333
0.545278 0.658704
0.5425 0.658333
0.539375 0.657917
0.5365 0.658333
0.533625 0.657917
0.530625 0.654583
0.527722 0.650556
0.524637 0.651701
0.525786 0.658333
0.5285 0.661667
0.524069 0.664552
0.526332 0.67107
0.529375 0.672083
0.5317 0.665
0.536 0.668333
0.539875 0.665833
0.5428 0.669333
0.539375 0.674583
0.536214 0.676429
0.5326 0.674333
0.529786 0.68119
0.527594 0.683063
0.5325 0.685
0.535357 0.682619
0.5385 0.683333
0.538786 0.689762
0.5355 0.691667
0.530266 0.691586
0.532521 0.695685
0.537786 0.698333
0.535129 0.702285
0.538404 0.708227
0.541498 0.708349
0.544407 0.707113
0.548472 0.709275
0.55162 0.706867
0.555194 0.701566
0.5535 0.699225
0.5505 0.699286
0.546722 0.702407
0.5405 0.697667
0.543227 0.695303
0.548167 0.69463
0.551833 0.691296
0.556314 0.691046
0.558938 0.684958
0.554167 0.68463
0.549 0.685
0.546125 0.689167
0.54325 0.68625
0.541389 0.680556
0.5447 0.676667
0.5473 0.676667
0.5512 0.679333
0.553786 0.675
0.556389 0.676111
0.559 0.675
0.561475 0.674646
0.563471 0.665018
0.5605 0.665952
0.55725 0.6675
0.5526 0.667333
0.549611 0.669445
0.547 0.665
0.555167 0.661296
0.5585 0.66
0.561833 0.657963
0.564488 0.651916
0.561375 0.64875
0.5585 0.651667
0.555611 0.650556
0.552375 0.645417
0.549786 0.644524
0.547375 0.645417
0.544005 0.641584
0.539 0.639
0.541674 0.635104
0.54401 0.631527
0.545996 0.634598
0.547974 0.634495
0.549974 0.634829
0.55225 0.634167
0.554611 0.639444
0.557375 0.642083
0.559611 0.638704
0.562625 0.64125
0.565345 0.640877
0.565409 0.631032
0.5625 0.631667
0.559625 0.627917
0.557167 0.630185
0.5545 0.628333
0.550812 0.625108
0.547997 0.624987
0.545665 0.62555
0.543503 0.622495
0.541629 0.625124
0.539253 0.627502
0.537375 0.62125
0.534214 0.623571
0.532333 0.618889
0.534412 0.614429
0.530525 0.612563
0.532669 0.607733
0.535332 0.607756
0.537619 0.611512
0.540502 0.6156
0.543503 0.615959
0.546333 0.617778
0.549552 0.617986
0.547991 0.613353
0.552375 0.614583
0.554625 0.61875
0.5575 0.618333
0.560214 0.618333
0.5645 0.617381
0.5625 0.622619
0.566651 0.622154
0.571927 0.623385
0.574375 0.62875
0.57781 0.626947
0.58 0.63
0.5825 0.629167
0.584497 0.632617
0.587354 0.629412
0.590136 0.624697
0.586027 0.624251
0.583997 0.623343
0.581828 0.622805
0.578662 0.621508
0.57579 0.621686
0.580543 0.617756
0.583465 0.613075
0.585554 0.615639
0.5884 0.614333
0.5915 0.614333
0.594278 0.616111
0.596945 0.612407
0.6005 0.613333
0.605 0.611
0.605407 0.602218
0.6023 0.603333
0.5995 0.603333
0.597 0.60125
0.594 0.605667
0.59 0.605
0.58575 0.603056
0.5825 0.604048
0.580391 0.607971
0.5775 0.611667
0.573 0.608333
0.574625 0.614167
0.571133 0.614104
0.568279 0.611941
0.5655 0.608333
0.562 0.611
0.558375 0.60875
0.555375 0.60875
0.5525 0.605952
0.549588 0.608048
0.54686 0.608135
0.545003 0.610039
0.542384 0.608014
0.539981 0.604756
0.5379 0.602333
0.53625 0.601667
0.53106 0.603429
0.5335 0.600833
0.535 0.596667
0.531852 0.596143
0.533017 0.590873
0.535 0.59
0.537 0.591667
0.5395 0.59
0.5419 0.589
0.544611 0.592849
0.5393 0.596333
0.541657 0.598857
0.543426 0.597304
0.545322 0.602346
0.547625 0.597917
0.550357 0.599286
0.553786 0.598333
0.5565 0.600714
0.559625 0.60125
0.562357 0.602619
0.563643 0.597381
0.566278 0.597222
0.568615 0.601298
0.571375 0.60125
0.574625 0.60125
0.5777 0.601667
0.582167 0.595741
0.5795 0.592333
0.5765 0.591667
0.573625 0.592083
0.5705 0.591667
0.567389 0.588704
0.563214 0.589762
0.56025 0.592917
0.556833 0.592037
0.5515 0.592619
0.5535 0.588333
0.549214 0.588333
0.546647 0.588136
0.54475 0.585
0.542833 0.583889
0.5397 0.583667
0.5367 0.583667
0.533591 0.583395
0.533903 0.576835
0.5359 0.577667
0.5381 0.577667
0.5401 0.575667
0.5419 0.575667
0.54325 0.574167
0.5449 0.572333
0.546406 0.567461
0.548732 0.568929
0.551 0.571667
0.553389 0.567963
0.555625 0.564583
0.5585 0.561667
0.5615 0.561667
0.564214 0.565
0.566611 0.560556
0.5698 0.559333
0.573833 0.559815
0.5775 0.56
0.581611 0.560556
0.584833 0.559815
0.588643 0.559286
0.591214 0.561667
0.593318 0.556515
0.596833 0.55537
0.5995 0.561667
0.5965 0.564048
0.598944 0.570556
0.594125 0.569167
0.591643 0.569286
0.589 0.568333
0.5865 0.566667
0.5838 0.570667
0.579955 0.567727
0.5775 0.572619
0.5755 0.566667
0.571682 0.567727
0.568389 0.570556
0.565625 0.572083
0.562 0.571667
0.5585 0.571667
0.555833 0.575741
0.552786 0.578333
0.547841 0.577275
0.545689 0.579647
0.5505 0.581667
0.5555 0.584048
0.55875 0.585
0.56025 0.579167
0.5633 0.582
0.566375 0.58125
0.57 0.579444
0.5739 0.576
0.57275 0.584167
0.5765 0.581667
0.579591 0.580455
0.582375 0.57875
0.5855 0.58
0.588125 0.575833
0.5915 0.577381
0.596 0.575
0.597667 0.581111
0.593682 0.583182
0.590375 0.585417
0.587786 0.585
0.583056 0.587222
0.585833 0.592037
0.58825 0.5975
0.590625 0.594583
0.593278 0.596111
0.596786 0.594524
0.5955 0.588333
0.598875 0.589167
0.601167 0.590185
0.604404 0.594498
0.603214 0.585476
0.605627 0.583003
0.6005 0.578333
0.6035 0.576667
0.6055 0.57
0.6025 0.57
0.602357 0.562619
0.606377 0.559366
0.603625 0.556667
0.6005 0.552619
0.605791 0.548334
0.6025 0.545667
0.59875 0.547083
0.595375 0.547917
0.5927 0.543333
0.587625 0.545417
0.590389 0.549444
0.5875 0.553333
0.583833 0.552037
0.5795 0.553333
0.575833 0.551296
0.572625 0.552083
0.5705 0.547381
0.568056 0.550926
0.5643 0.553333
0.561625 0.552083
0.5585 0.553333
0.555625 0.555417
0.552056 0.55463
0.547941 0.55106
0.54275 0.554167
0.544 0.555
0.545308 0.557572
0.54733 0.560055
0.550833 0.561296
0.543214 0.565
0.541 0.566667
0.539 0.57
0.5365 0.57
0.534243 0.568957
0.536287 0.563156
0.5391 0.562333
0.5411 0.559
0.5379 0.555667
0.535937 0.555333
0.539667 0.552222
0.5415 0.548333
0.544375 0.546239
0.549614 0.544552
0.552141 0.542356
0.5542 0.547333
0.557643 0.545952
0.560375 0.544583
0.566167 0.545556
0.563625 0.542083
0.566625 0.537917
0.569 0.538333
0.571214 0.537857
0.573389 0.540556
0.575786 0.542143
0.578167 0.543519
0.5815 0.547381
0.585357 0.543095
0.583389 0.538704
0.580625 0.53875
0.578833 0.532778
0.575 0.532083
0.5775 0.528333
0.581375 0.52875
0.584682 0.526515
0.58275 0.520417
0.5795 0.519
0.576167 0.520926
0.57325 0.52375
0.571375 0.52875
0.5685 0.528333
0.565375 0.53
0.562375 0.534583
0.559625 0.535417
0.556625 0.53875
0.553997 0.534328
0.550378 0.534584
0.548071 0.534048
0.546056 0.539445
0.54241 0.541004
0.539999 0.541673
0.5381 0.544333
0.53646 0.547238
0.535066 0.539159
0.537319 0.537897
0.53784 0.53089
0.540561 0.53238
0.543498 0.531674
0.5462 0.527
0.539424 0.523961
0.5425 0.521
0.539625 0.514468
0.545126 0.517795
0.548682 0.519719
0.550722 0.52463
0.553291 0.524057
0.555748 0.519836
0.5565 0.525556
0.558071 0.529286
0.562375 0.525417
0.559891 0.521963
0.564276 0.52046
0.567157 0.520178
0.569651 0.518017
0.572563 0.515505
0.576157 0.512655
0.579719 0.509421
0.582611 0.512407
0.584448 0.507697
0.587527 0.50742
0.591239 0.504603
0.595506 0.503043
0.599494 0.505909
0.602485 0.505407
0.605847 0.50727
0.597389 0.511296
0.594357 0.509286
0.5908 0.512333
0.587 0.517667
0.59 0.52125
0.591786 0.524048
0.596056 0.527222
0.5932 0.530667
0.588389 0.529444
0.5865 0.534167
0.5902 0.537333
0.5955 0.538333
0.599167 0.539445
0.605926 0.538683
0.6027 0.535
0.598833 0.532037
0.605791 0.528334
0.602136 0.525303
0.598375 0.522083
0.5947 0.518333
0.600611 0.516111
0.603375 0.514583
0.605926 0.518683
0.615896 0.51447
0.619085 0.520354
0.616345 0.524802
0.621515 0.527416
0.6185 0.531667
0.615606 0.536114
0.621533 0.538224
0.617945 0.541296
0.621557 0.548398
0.618625 0.54875
0.615606 0.550553
0.619167 0.557593
0.61658 0.562357
0.620802 0.565319
0.615619 0.571244
0.618833 0.574167
0.620904 0.582336
0.615435 0.583003
0.618375 0.585417
0.617125 0.5925
0.620604 0.595257
0.61475 0.597713
0.6175 0.600714
0.619627 0.605424
0.616375 0.60875
0.613865 0.6098
0.61957 0.614558
0.617611 0.619074
0.614786 0.618333
0.612126 0.620512
0.609306 0.623495
0.606617 0.619302
0.602722 0.617593
0.598375 0.62
0.603833 0.62537
0.599872 0.62584
0.5955 0.624048
0.593304 0.628711
0.597041 0.632132
0.600806 0.632633
0.603458 0.633403
0.606071 0.632619
0.608357 0.630714
0.6118 0.634
0.6143 0.628333
0.61779 0.627663
0.618458 0.635744
0.6153 0.638333
0.60925 0.638333
0.604355 0.640168
0.601497 0.641677
0.598214 0.641667
0.599503 0.636681
0.595382 0.638009
0.59227 0.639911
0.590375 0.634583
0.58735 0.63662
0.584988 0.639971
0.583 0.64
0.58 0.636667
0.58175 0.635
0.577632 0.633326
0.572365 0.635461
0.574625 0.63875
0.577544 0.640901
0.582114 0.644889
0.579713 0.645011
0.574194 0.647575
0.5772 0.652667
0.582691 0.650784
0.585156 0.648376
0.587349 0.645322
0.58979 0.644546
0.593679 0.64445
0.5961 0.645667
0.599667 0.648889
0.602667 0.648889
0.604439 0.645886
0.607827 0.644631
0.6122 0.645333
0.616921 0.647487
0.614625 0.64875
0.6102 0.652667
0.605809 0.650589
0.6015 0.655952
0.6039 0.659
0.605639 0.65632
0.608491 0.658324
0.614287 0.65855
0.612045 0.663485
0.606343 0.66391
0.603167 0.665556
0.601 0.665
0.5991 0.664333
0.597 0.661667
0.592117 0.66229
0.594 0.66
0.59575 0.658333
0.5989 0.655667
0.596833 0.652222
0.5941 0.652333
0.591879 0.651745
0.5885 0.654048
0.590463 0.658785
0.586375 0.65875
0.583625 0.65875
0.580137 0.656809
0.575492 0.659077
0.577833 0.66537
0.5812 0.667333
0.585 0.667667
0.5885 0.665952
0.590733 0.669366
0.5943 0.666333
0.5975 0.668333
0.5953 0.671667
0.592957 0.673534
0.595711 0.676988
0.590627 0.677909
0.587625 0.674583
0.583611 0.67537
0.578161 0.674936
0.580593 0.68109
0.582952 0.686827
0.586167 0.682037
0.589375 0.685417
0.592613 0.686101
0.595562 0.684562
0.598004 0.681294
0.600457 0.683014
0.60341 0.679461
0.606365 0.676621
0.6005 0.6775
0.5987 0.673667
0.6017 0.673
0.604635 0.671027
0.608611 0.669445
0.610786 0.672143
0.613585 0.675182
0.610167 0.680926
0.612043 0.687987
0.6075 0.685
0.604833 0.689074
0.601645 0.689273
0.5983 0.691667
0.5947 0.695
0.591786 0.698333
0.58975 0.69375
0.586625 0.69125
0.584199 0.696005
0.586988 0.701694
0.590214 0.705
0.587804 0.708732
0.592875 0.7075
0.597929 0.708809
0.595643 0.702619
0.598625 0.70125
0.6015 0.7
0.605 0.696667
0.609156 0.694131
0.607483 0.702853
0.604625 0.704583
0.603314 0.711428
0.600539 0.713434
0.597385 0.716868
0.595 0.712083
0.590944 0.713538
0.573 0.725834
0.5719 0.739667
0.5705 0.752333
0.570689 0.767101
0.559667 0.793334
0.570626 0.793321
0.568786 0.801667
0.570817 0.802556
0.568414 0.80937
0.565786 0.808333
0.5635 0.8125
0.560914 0.816598
0.562854 0.817715
0.564965 0.816773
0.567758 0.81737
0.568222 0.829978
0.568178 0.84589
0.538423 0.833156
0.538627 0.817628
0.534229 0.800993
0.538403 0.799895
0.5345 0.796667
0.532399 0.790854
0.536339 0.776116
0.524182 0.765861
0.5173 0.764334
0.5145 0.772501
0.522905 0.773311
0.52133 0.778895
0.5225 0.79161
0.5225 0.81
0.522499 0.831278
0.468138 0.845891
0.468222 0.829978
0.468329 0.81841
0.465169 0.81698
0.462721 0.81732
0.467297 0.812999
0.4645 0.810833
0.470093 0.807805
0.4677 0.807
0.4655 0.805
0.4587 0.803
0.4669 0.799
0.468833 0.800556
0.470286 0.798602
0.470883 0.793328
0.467667 0.792222
0.4613 0.791667
0.4691 0.787667
0.470841 0.784816
0.4635 0.779
0.4693 0.779667
0.472282 0.776536
0.47 0.771667
0.4649 0.766333
0.472 0.768333
0.474232 0.767737
0.471167 0.761111
0.4747 0.760334
0.4735 0.755
0.4665 0.751667
0.471643 0.750714
0.474001 0.742224
0.468 0.7375
0.468501 0.720002
0.452111 0.714021
0.448 0.715
0.449386 0.722521
0.446375 0.722083
0.443875 0.722917
0.442 0.718333
0.439625 0.71875
0.434375 0.72125
0.431643 0.717381
0.425838 0.72161
0.428601 0.723745
0.431214 0.725
0.437 0.725
0.440167 0.727963
0.442667 0.731111
0.446386 0.731541
0.443903 0.736401
0.440869 0.7384
0.438117 0.74324
0.434147 0.739996
0.437625 0.735417
0.435214 0.731667
0.432786 0.731667
0.430291 0.734572
0.410501 0.746669
0.4199 0.752333
0.421 0.76
0.416333 0.761667
0.414333 0.764444
0.4127 0.768333
0.415667 0.771111
0.4225 0.768334
0.4179 0.772333
0.411702 0.77331
0.413849 0.777694
0.416361 0.778722
0.41868 0.780115
0.42214 0.801383
0.422264 0.828346
0.364441 0.819911
0.368145 0.845889
0.331195 0.858432
0.331501 0.835
0.3225 0.831272
0.3315 0.814701
0.322501 0.806584
0.332557 0.800666
0.338498 0.790001
0.334864 0.781667
0.35216 0.728591
0.3555 0.728334
0.358742 0.729394
0.363059 0.728185
0.361071 0.722143
0.366469 0.724842
0.369468 0.722544
0.373424 0.719356
0.375649 0.715479
0.370786 0.716429
0.3665 0.715
0.363591 0.716212
0.360375 0.714583
0.3575 0.718333
0.354625 0.71875
0.351667 0.718889
0.349389 0.72279
0.346999 0.726159
0.343075 0.720433
0.346 0.717667
0.339935 0.715434
0.337298 0.711621
0.334743 0.70867
0.340625 0.707917
0.3434 0.707667
0.346357 0.709286
0.3495 0.711667
0.353 0.711
0.357 0.709
0.3597 0.703333
0.3625 0.705
0.3655 0.705
0.3688 0.708667
0.3725 0.710714
0.376357 0.707857
0.378815 0.711949
0.382111 0.707528
0.379875 0.7025
0.37575 0.701667
0.372167 0.702407
0.3695 0.699286
0.36725 0.695833
0.364 0.695667
0.3612 0.692
0.3578 0.695333
0.3553 0.7
0.3525 0.701667
0.3495 0.701667
0.346786 0.701667
0.344375 0.697917
0.340375 0.69875
0.337591 0.700455
0.332722 0.702288
0.330503 0.697406
0.33525 0.695833
0.332833 0.690926
0.327615 0.692396
0.329625 0.687917
0.324438 0.683832
0.327214 0.681667
0.3325 0.681667
0.335682 0.682273
0.342833 0.681296
0.34 0.684583
0.337833 0.689074
0.342056 0.692407
0.345167 0.687963
0.3485 0.685
0.347944 0.692778
0.351864 0.69197
0.354955 0.687121
0.358591 0.683788
0.361375 0.682083
0.365278 0.686852
0.368786 0.688333
0.371375 0.69125
0.374 0.695
0.376929 0.690714
0.378625 0.695417
0.3815 0.694048
0.383824 0.699743
0.386292 0.696577
0.389065 0.692048
0.3837 0.686667
0.3865 0.685
0.390164 0.683325
0.393593 0.680228
0.397269 0.668622
0.394409 0.668939
0.390917 0.6725
0.387625 0.675417
0.3845 0.675
0.381625 0.676667
0.379071 0.674048
0.375 0.675
0.377625 0.68125
0.3805 0.685
0.375214 0.685
0.373071 0.682619
0.371 0.681667
0.368833 0.677222
0.367214 0.680238
0.363944 0.679074
0.356071 0.67881
0.352375 0.68125
0.349875 0.679167
0.346389 0.677222
0.343875 0.67375
0.340408 0.672989
0.3377 0.673333
0.33525 0.670417
0.3323 0.671667
0.329611 0.677222
0.32576 0.673587
0.327451 0.667678
0.327804 0.659205
0.3305 0.663333
0.3335 0.661667
0.336722 0.660556
0.339577 0.660525
0.341625 0.654583
0.344744 0.65492
0.347502 0.65333
0.353569 0.654244
0.356722 0.652778
0.359 0.653333
0.361214 0.653571
0.362786 0.648333
0.3653 0.647333
0.367625 0.644583
0.371167 0.64463
0.3745 0.643333
0.3768 0.647
0.380618 0.648147
0.383787 0.648322
0.385977 0.646682
0.3907 0.651667
0.387692 0.651631
0.382017 0.653287
0.385561 0.6559
0.383502 0.658867
0.380535 0.658217
0.377611 0.656111
0.374611 0.657963
0.372611 0.652778
0.369 0.653333
0.3705 0.661667
0.366375 0.65875
0.3635 0.66
0.36 0.663333
0.3555 0.661667
0.351646 0.658919
0.349677 0.657493
0.347032 0.661297
0.343667 0.665278
0.348278 0.669815
0.351 0.6675
0.352875 0.67125
0.355 0.671667
0.357955 0.671061
0.3615 0.671667
0.364722 0.669445
0.3675 0.668333
0.370625 0.67125
0.373278 0.668704
0.376611 0.667222
0.379375 0.665417
0.382944 0.667222
0.386643 0.667857
0.387786 0.661667
0.3905 0.661667
0.392929 0.659286
0.395375 0.65875
0.399157 0.659104
0.402593 0.653293
0.396667 0.652222
0.394389 0.647222
0.398611 0.647222
0.401357 0.647381
0.404739 0.643846
0.406479 0.636563
0.408652 0.632207
0.4032 0.632667
0.399056 0.633889
0.401167 0.639074
0.3965 0.64
0.3919 0.642667
0.38835 0.64264
0.379409 0.641275
0.382551 0.640953
0.385593 0.638542
0.389 0.635
0.394375 0.634583
0.3915 0.63
0.388375 0.62625
0.3849 0.623
0.387786 0.619762
0.393611 0.623889
0.397045 0.627121
0.4013 0.624
0.405333 0.624722
0.410249 0.624865
0.408944 0.617963
0.412926 0.616897
0.407 0.61125
0.4046 0.615667
0.3998 0.617667
0.396 0.617667
0.391611 0.617593
0.388611 0.612037
0.3855 0.611667
0.382875 0.6125
0.381375 0.61875
0.378375 0.615417
0.3753 0.615333
0.370833 0.617963
0.3672 0.617667
0.363 0.623333
0.366389 0.627963
0.369375 0.625417
0.372625 0.625417
0.3755 0.625
0.378375 0.624583
0.3815 0.628333
0.383827 0.63207
0.3795 0.632619
0.3765 0.635
0.372864 0.634697
0.369167 0.635833
0.364864 0.635303
0.360833 0.632037
0.3588 0.626
0.35625 0.6225
0.353762 0.621759
0.350979 0.616704
0.357389 0.61463
0.360682 0.615606
0.3652 0.613333
0.369389 0.608704
0.372625 0.61125
0.3755 0.606667
0.379056 0.607963
0.381944 0.603889
0.3855 0.601
0.387786 0.597857
0.3906 0.595667
0.393409 0.596212
0.396864 0.591364
0.399049 0.599672
0.396833 0.600556
0.395214 0.605
0.3895 0.605
0.3925 0.608333
0.396333 0.610556
0.400201 0.608304
0.403446 0.606577
0.406841 0.602123
0.409864 0.606515
0.413019 0.610013
0.415805 0.603506
0.413167 0.601296
0.409117 0.594126
0.4118 0.592333
0.414591 0.589546
0.417464 0.591416
0.418041 0.582087
0.4155 0.579286
0.411106 0.581433
0.4135 0.576429
0.419483 0.572935
0.416833 0.572222
0.41294 0.568694
0.416214 0.565
0.420773 0.56587
0.421611 0.557474
0.418611 0.559444
0.414131 0.559515
0.416944 0.552778
0.422684 0.54908
0.419625 0.547917
0.414887 0.54824
0.416833 0.541296
0.420929 0.540238
0.423465 0.53798
0.419375 0.534583
0.416712 0.530464
0.423051 0.528788
0.4195 0.525952
0.421773 0.519935
0.417742 0.517619
0.419392 0.511565
0.408167 0.512251
0.405411 0.512973
0.402345 0.512839
0.400667 0.518889
0.39793 0.514605
0.394265 0.516546
0.391286 0.520064
0.387246 0.522854
0.384026 0.525412
0.3895 0.527667
0.393 0.527778
0.3955 0.525
0.398864 0.525303
0.403 0.525
0.406762 0.5226
0.405622 0.531724
0.4025 0.535
0.3995 0.535
0.3965 0.535667
0.392611 0.53463
0.386 0.532333
0.382287 0.531368
0.379573 0.530945
0.376281 0.531833
0.376408 0.540786
0.379625 0.54125
0.382278 0.542037
0.386136 0.541364
0.3897 0.538667
0.393833 0.542037
0.390167 0.547593
0.387625 0.55125
0.383833 0.548704
0.378225 0.548284
0.380199 0.554009
0.385333 0.555556
0.382611 0.559444
0.3871 0.562
0.3905 0.558333
0.393167 0.552037
0.396 0.54875
0.398591 0.546212
0.401375 0.544583
0.405035 0.54129
0.403861 0.549252
0.401824 0.555187
0.3985 0.558333
0.395786 0.558333
0.393167 0.562407
0.401396 0.565711
0.398625 0.567917
0.3963 0.570667
0.3935 0.570238
0.3893 0.568333
0.38425 0.56625
0.380289 0.565659
0.368576 0.564139
0.365167 0.565278
0.3628 0.570667
0.358786 0.569762
0.35625 0.564167
0.359389 0.561296
0.361611 0.558704
0.3645 0.555
0.367293 0.553347
0.361 0.549
0.364167 0.54537
0.366379 0.540018
0.362819 0.537897
0.359247 0.539369
0.356955 0.545
0.35401 0.541033
0.350511 0.542495
0.34729 0.543718
0.341751 0.54392
0.338767 0.539499
0.337661 0.548002
0.338404 0.556014
0.341625 0.554583
0.344375 0.55125
0.3465 0.555952
0.348944 0.552407
0.3529 0.55
0.356864 0.554697
0.353625 0.55875
0.3507 0.56
0.3477 0.565
0.3425 0.565952
0.3445 0.561667
0.340357 0.563095
0.33653 0.56286
0.33886 0.569288
0.336515 0.570013
0.337707 0.576204
0.335326 0.578763
0.340209 0.57633
0.342625 0.574583
0.345278 0.572778
0.3485 0.575
0.350625 0.57125
0.353 0.57
0.355214 0.571667
0.360071 0.575476
0.357167 0.578704
0.361929 0.580714
0.365389 0.579444
0.367625 0.574583
0.370247 0.574242
0.371998 0.582265
0.368167 0.58463
0.3635 0.585952
0.35975 0.58625
0.356167 0.587963
0.3498 0.587333
0.354125 0.5825
0.351722 0.582037
0.346833 0.581296
0.344682 0.586818
0.341319 0.583406
0.3389 0.584333
0.337 0.583333
0.334876 0.588537
0.337 0.59
0.3395 0.591111
0.342209 0.592064
0.34 0.596667
0.3365 0.596667
0.333972 0.598517
0.3365 0.603333
0.3389 0.602333
0.341175 0.604116
0.341952 0.599995
0.344617 0.598755
0.347611 0.602037
0.348 0.594
0.351591 0.597121
0.354409 0.597121
0.357333 0.596111
0.359625 0.594583
0.3625 0.595
0.366 0.592333
0.369625 0.592083
0.3727 0.591667
0.37619 0.588604
0.379219 0.58309
0.383 0.581667
0.381022 0.574358
0.3849 0.575
0.387389 0.577222
0.3905 0.578333
0.3925 0.575
0.399355 0.579635
0.396136 0.581364
0.393 0.585667
0.3895 0.585
0.387375 0.58875
0.384611 0.589444
0.381 0.588333
0.3795 0.595
0.3825 0.595952
0.378167 0.599444
0.3755 0.598333
0.372136 0.601364
0.368375 0.60125
0.365625 0.60125
0.3633 0.606667
0.3605 0.605
0.3575 0.605
0.354409 0.609545
0.351 0.608333
0.3475 0.611667
0.344498 0.608326
0.341688 0.610211
0.339 0.61
0.3365 0.61
0.333628 0.60683
0.333264 0.613946
0.335 0.618333
0.3375 0.616667
0.340423 0.615844
0.344167 0.617963
0.346109 0.622788
0.348008 0.622198
0.349993 0.623428
0.351906 0.625899
0.354224 0.63157
0.350333 0.631111
0.3475 0.633333
0.34725 0.629167
0.344513 0.62912
0.341443 0.62483
0.338964 0.624696
0.337 0.623333
0.332245 0.621785
0.3345 0.626667
0.331492 0.629831
0.334489 0.633314
0.33697 0.631216
0.339611 0.634547
0.342306 0.635027
0.3451 0.637667
0.343594 0.641631
0.3473 0.640333
0.349 0.636667
0.352357 0.636905
0.356586 0.636131
0.3617 0.640667
0.358611 0.641296
0.354194 0.641717
0.350667 0.642222
0.355172 0.646327
0.352498 0.648333
0.3505 0.650833
0.349 0.646667
0.3467 0.646333
0.344424 0.648026
0.341386 0.645421
0.338875 0.6475
0.3357 0.651667
0.332625 0.652083
0.329164 0.65148
0.330985 0.644641
0.337373 0.641243
0.334437 0.641283
0.332073 0.637403
0.329899 0.638105
0.319881 0.640473
0.317125 0.640417
0.3143 0.638333
0.3114 0.643667
0.3078 0.646
0.303833 0.648704
0.299318 0.643485
0.295 0.645
0.2907 0.645
0.287409 0.646212
0.2845 0.645
0.281875 0.640417
0.277955 0.642273
0.275375 0.637917
0.272136 0.63803
0.267389 0.637222
0.264612 0.63926
0.269071 0.642619
0.27 0.647778
0.274318 0.648333
0.271389 0.652407
0.266917 0.651667
0.268373 0.66126
0.2715 0.662333
0.2745 0.661667
0.2762 0.656
0.278944 0.653889
0.280833 0.647963
0.284073 0.653585
0.289375 0.654583
0.292955 0.652879
0.296375 0.6525
0.300611 0.652778
0.298125 0.657083
0.302625 0.65875
0.305833 0.65537
0.3098 0.652667
0.3145 0.648636
0.318149 0.652612
0.315 0.656667
0.311625 0.65875
0.315343 0.664472
0.311833 0.667963
0.308 0.662333
0.304786 0.665
0.302944 0.670926
0.3 0.666667
0.2965 0.665
0.2937 0.663333
0.290389 0.662037
0.286473 0.658552
0.282827 0.658938
0.280399 0.663919
0.2775 0.666667
0.274214 0.668809
0.273071 0.674048
0.269503 0.670008
0.2625 0.673659
0.271377 0.678743
0.2755 0.679167
0.279356 0.675019
0.282015 0.676657
0.2841 0.681
0.2861 0.681
0.288176 0.683482
0.289452 0.677702
0.2871 0.674333
0.2845 0.672619
0.282543 0.668429
0.28619 0.666471
0.289217 0.669422
0.292125 0.6725
0.2973 0.674667
0.294045 0.677727
0.296944 0.683889
0.300786 0.686905
0.3038 0.684
0.3007 0.678333
0.305611 0.677222
0.3077 0.672667
0.310125 0.674167
0.313987 0.674448
0.311972 0.681614
0.308 0.684583
0.309773 0.689856
0.306167 0.692037
0.306227 0.700472
0.3033 0.696667
0.3005 0.695
0.297722 0.692778
0.293864 0.688636
0.290875 0.6875
0.287983 0.691909
0.285489 0.689408
0.282914 0.685411
0.280705 0.684406
0.2775 0.683333
0.273278 0.686482
0.2758 0.692667
0.279375 0.692083
0.282176 0.69497
0.277722 0.699815
0.279725 0.706106
0.282375 0.705417
0.2865 0.703333
0.284357 0.699762
0.289625 0.69875
0.292 0.698333
0.29425 0.69875
0.296357 0.700714
0.3003 0.704667
0.303321 0.707469
0.297167 0.707963
0.292682 0.708939
0.289625 0.707917
0.287667 0.712222
0.283058 0.713132
0.285611 0.717232
0.290625 0.717917
0.294722 0.716111
0.299926 0.714013
0.297231 0.719516
0.293387 0.723153
0.288613 0.722402
0.268335 0.751669
0.2673 0.757
0.2699 0.762334
0.2679 0.764333
0.265667 0.762222
0.2637 0.767
0.2657 0.770333
0.2695 0.770714
0.271668 0.773891
0.26775 0.775
0.263 0.773333
0.2611 0.775667
0.26425 0.778333
0.2661 0.777667
0.268667 0.782222
0.2707 0.779667
0.273501 0.785
0.271 0.786667
0.2675 0.788333
0.265333 0.785556
0.2625 0.782619
0.26 0.781667
0.2585 0.785
0.256357 0.789762
0.2545 0.795
0.2583 0.793
0.261 0.791667
0.263214 0.791667
0.2665 0.793333
0.269333 0.792222
0.2725 0.791667
0.275334 0.792779
0.271 0.796667
0.2735 0.798333
0.277166 0.80036
0.275222 0.802767
0.272335 0.804307
0.26991 0.802233
0.267852 0.801061
0.265222 0.797372
0.262694 0.800344
0.25975 0.798333
0.258 0.8
0.2557 0.800333
0.2531 0.801
0.251357 0.803571
0.24875 0.804166
0.2493 0.809667
0.246443 0.810301
0.248663 0.816094
0.251003 0.814876
0.253429 0.816387
0.256154 0.81302
0.253643 0.809286
0.2565 0.806667
0.258947 0.806682
0.26095 0.803686
0.267025 0.815649
0.269438 0.8159
0.264911 0.819134
0.271261 0.822642
0.268 0.822778
0.264472 0.826225
0.266667 0.828889
0.269 0.828333
0.271133 0.830281
0.269573 0.835174
0.26737 0.83738
0.265036 0.833689
0.231512 0.841294
0.2315 0.813237
0.221484 0.815355
0.2215 0.798334
0.221443 0.783043
0.218551 0.778298
0.220329 0.774234
0.216989 0.773275
0.216588 0.76667
0.218902 0.765662
0.21682 0.760017
0.206533 0.722423
0.209351 0.719867
0.204607 0.717844
0.207099 0.715661
0.209215 0.712143
0.205786 0.709762
0.202552 0.713745
0.200658 0.70713
0.203333 0.705556
0.2057 0.703
0.208215 0.702144
0.202333 0.698889
0.199891 0.698217
0.206214 0.695
0.2041 0.694333
0.2019 0.691
0.200278 0.687964
0.207662 0.687548
0.2059 0.684333
0.203786 0.685
0.201749 0.679992
0.203847 0.675709
0.206031 0.675202
0.220802 0.67734
0.225167 0.680833
0.229136 0.684697
0.223199 0.687587
0.226919 0.692496
0.231 0.694167
0.23049 0.700017
0.235 0.700001
0.23896 0.694635
0.2355 0.691667
0.232722 0.688704
0.238357 0.687381
0.242146 0.686229
0.245355 0.679826
0.244357 0.674048
0.241375 0.677917
0.2385 0.678333
0.2355 0.681667
0.232625 0.67875
0.230611 0.674259
0.2275 0.673333
0.224 0.671667
0.218614 0.669427
0.2215 0.665667
0.217056 0.660926
0.215508 0.654991
0.219389 0.656111
0.222389 0.653889
0.225833 0.652037
0.2297 0.653333
0.232375 0.657917
0.227389 0.660556
0.2245 0.661667
0.23 0.665667
0.234 0.665
0.235722 0.671296
0.2385 0.668333
0.2415 0.666667
0.2445 0.665
0.247683 0.668945
0.251274 0.662734
0.24925 0.659167
0.246625 0.657917
0.2415 0.655952
0.238167 0.658056
0.235955 0.652273
0.2325 0.649286
0.240167 0.647963
0.2437 0.652667
0.247 0.65
0.251273 0.651574
0.254201 0.64564
0.250875 0.6425
0.2475 0.641667
0.2443 0.642
0.2415 0.637667
0.238 0.641
0.23475 0.644167
0.2312 0.640667
0.2278 0.644
0.224 0.644333
0.2205 0.647381
0.215333 0.648889
0.213129 0.646253
0.217611 0.643889
0.2202 0.638
0.2155 0.638333
0.2118 0.637333
0.214 0.632778
0.218 0.631667
0.222625 0.634583
0.2255 0.635
0.229045 0.633788
0.234136 0.634697
0.237375 0.632083
0.239667 0.630556
0.243625 0.63125
0.2465 0.631
0.25 0.635
0.254167 0.634722
0.258195 0.63624
0.257167 0.627963
0.260591 0.626212
0.263167 0.626481
0.2655 0.629286
0.269611 0.629444
0.272167 0.629444
0.273722 0.62537
0.276125 0.625833
0.278794 0.620727
0.2806 0.624647
0.284 0.623333
0.282667 0.617778
0.2851 0.617667
0.2875 0.619286
0.2899 0.621
0.2919 0.619
0.2937 0.623667
0.296357 0.623189
0.299497 0.621667
0.3015 0.625
0.304375 0.62125
0.307722 0.622037
0.310375 0.624583
0.305833 0.628704
0.3022 0.632333
0.298625 0.63125
0.295316 0.630992
0.292976 0.629838
0.2907 0.627
0.2877 0.626333
0.285336 0.628873
0.28299 0.628266
0.278167 0.632037
0.28178 0.632522
0.28573 0.635461
0.288001 0.634398
0.290385 0.634025
0.292996 0.638291
0.297 0.638333
0.302375 0.64125
0.305389 0.639444
0.307786 0.635
0.310214 0.635
0.312167 0.63
0.3145 0.628333
0.318 0.631
0.321518 0.629048
0.318136 0.62197
0.321927 0.619419
0.323378 0.611243
0.3205 0.61
0.317559 0.610634
0.315524 0.615931
0.313381 0.618566
0.310379 0.615891
0.307591 0.611515
0.3045 0.611667
0.3017 0.613333
0.298236 0.614465
0.295667 0.616111
0.2935 0.614048
0.2895 0.614167
0.288 0.61
0.285833 0.611111
0.283 0.61
0.2805 0.614048
0.277977 0.614019
0.275502 0.614992
0.272786 0.615
0.270167 0.618333
0.2675 0.622333
0.26475 0.6175
0.262389 0.613889
0.259786 0.615
0.257375 0.61875
0.254625 0.62125
0.2523 0.626667
0.249125 0.627083
0.243864 0.62197
0.24075 0.623333
0.2375 0.621
0.2345 0.625
0.2315 0.625667
0.228 0.625
0.2245 0.625
0.222 0.625
0.219625 0.624583
0.216375 0.624583
0.2135 0.626667
End
0.2135 0.626667
0.21 0.626111
0.213167 0.619074
0.210611 0.61463
0.215625 0.614583
0.218375 0.615417
0.221015 0.614646
0.223358 0.613901
0.225407 0.610335
0.227 0.617083
0.229625 0.614583
0.232375 0.615417
0.235375 0.614583
0.2402 0.614
0.243375 0.612083
0.246591 0.616212
0.249409 0.617121
0.252167 0.614259
0.255214 0.611667
0.258929 0.608333
0.256786 0.605
0.252 0.605667
0.248625 0.605417
0.2451 0.604667
0.241406 0.602451
0.238 0.607667
0.234125 0.6075
0.229362 0.605369
0.226729 0.604119
0.23175 0.6025
0.234625 0.59875
0.2375 0.598333
0.240278 0.592778
0.242987 0.59091
0.247 0.597667
0.25075 0.5975
0.254389 0.599444
0.2587 0.596667
0.2615 0.593333
0.256 0.592917
0.252071 0.591191
0.247753 0.589587
0.2495 0.585
0.251056 0.579074
0.254 0.583333
0.2575 0.585
0.260357 0.585952
0.2635 0.588333
0.266833 0.588704
0.269955 0.584405
0.273864 0.588636
0.27764 0.586125
0.281071 0.588809
0.284 0.59
0.286 0.59
0.288833 0.589444
0.2915 0.594048
0.294 0.593333
0.297333 0.592778
0.300185 0.597542
0.298 0.6
0.2959 0.599
0.2935 0.6
0.2903 0.600333
0.2883 0.596333
0.2855 0.597381
0.283 0.6
0.2793 0.600333
0.2823 0.595
0.28 0.595
0.277546 0.594573
0.27425 0.597083
0.2705 0.595
0.267833 0.595556
0.265056 0.597963
0.2615 0.602333
0.264214 0.605
0.2668 0.610667
0.2705 0.609286
0.26875 0.60375
0.272611 0.603889
0.275647 0.605406
0.278386 0.605973
0.281333 0.605556
0.2845 0.605
0.2873 0.603
0.2895 0.605833
0.2911 0.609
0.2935 0.606667
0.2965 0.607381
0.299355 0.605792
0.302833 0.602407
0.3055 0.599
0.307784 0.602144
0.319123 0.600418
0.323974 0.603362
0.321625 0.597917
0.324505 0.595008
0.320963 0.588525
0.325015 0.585017
0.321442 0.578549
0.32475 0.57625
0.326755 0.570375
0.322285 0.568936
0.3245 0.563333
0.3265 0.558333
0.322869 0.556336
0.32774 0.553194
0.32518 0.547434
0.323315 0.541438
0.313198 0.536241
0.308375 0.535417
0.30525 0.535
0.298 0.536667
0.294625 0.537917
0.290833 0.537963
0.29325 0.53
0.291 0.528333
0.288625 0.53
0.284333 0.531111
0.2778 0.529333
0.281625 0.527917
0.28525 0.525
0.288 0.521667
0.294214 0.521667
0.2965 0.528333
0.299375 0.527917
0.3017 0.530667
0.304375 0.527917
0.307375 0.525417
0.310389 0.529444
0.313943 0.52607
0.311691 0.521318
0.308561 0.518864
0.304828 0.51819
0.301467 0.518135
0.298541 0.517716
0.295879 0.51571
0.292275 0.516808
0.289797 0.516415
0.285855 0.516269
0.282514 0.518467
0.279545 0.519667
0.276288 0.522186
0.273688 0.523974
0.269971 0.52626
0.271667 0.529444
0.267626 0.531755
0.269625 0.53875
0.272375 0.53875
0.2748 0.535333
0.279833 0.53537
0.283 0.538333
0.286389 0.537222
0.28825 0.542917
0.284056 0.546111
0.280643 0.544048
0.277045 0.542879
0.270627 0.547925
0.2735 0.548333
0.2761 0.553
0.279786 0.550238
0.284214 0.553095
0.288 0.55
0.291375 0.54875
0.293722 0.545741
0.297625 0.544583
0.3005 0.544333
0.303167 0.541667
0.306944 0.542778
0.31075 0.541667
0.312095 0.548544
0.3085 0.551667
0.3055 0.551667
0.302625 0.552083
0.2995 0.555
0.296 0.552333
0.292309 0.558446
0.290001 0.558793
0.287696 0.55846
0.285047 0.56249
0.282386 0.558779
0.2795 0.557381
0.272864 0.558636
0.277167 0.562037
0.280802 0.56587
0.275375 0.56875
0.272136 0.568636
0.278147 0.573505
0.281157 0.574574
0.283007 0.571711
0.285 0.57
0.287214 0.567857
0.2907 0.566333
0.293667 0.565556
0.295415 0.561152
0.297667 0.564501
0.300375 0.565417
0.3025 0.560714
0.3055 0.562333
0.3085 0.561667
0.311532 0.558012
0.310344 0.56968
0.3073 0.571667
0.3035 0.57
0.299605 0.573219
0.296212 0.571667
0.294 0.573333
0.29225 0.571667
0.289 0.571667
0.29075 0.575
0.2847 0.577
0.2869 0.577667
0.289 0.58
0.2917 0.580333
0.2945 0.58
0.297357 0.579762
0.299374 0.582693
0.30183 0.579811
0.305045 0.579545
0.308208 0.581872
0.307703 0.591129
0.304278 0.589444
0.301555 0.59118
0.299 0.59
0.2959 0.587667
0.294 0.586667
0.2915 0.586667
0.2875 0.585
0.2845 0.583333
0.28225 0.581667
0.279867 0.581786
0.275046 0.579545
0.271833 0.577593
0.266374 0.577519
0.2645 0.580833
0.2615 0.579286
0.2563 0.575
0.259375 0.574583
0.262957 0.570483
0.259746 0.565098
0.256325 0.565314
0.253198 0.57073
0.245879 0.568027
0.2425 0.565952
0.2395 0.571667
0.242375 0.574583
0.245351 0.577252
0.243052 0.582773
0.2393 0.581667
0.2348 0.583667
0.237167 0.589074
0.233214 0.591667
0.230272 0.593255
0.227748 0.594903
0.225333 0.591111
0.2233 0.593667
0.2215 0.596333
0.22 0.593333
0.21763 0.596634
0.2195 0.600833
0.2255 0.599167
0.223667 0.602222
0.2219 0.605667
0.219761 0.607418
0.21733 0.604794
0.214786 0.604524
0.2125 0.606667
0.20832 0.61075
0.200207 0.612407
0.206772 0.598791
0.2095 0.6
0.2145 0.595
0.2117 0.593333
0.206875 0.589583
0.198153 0.58847
0.205849 0.581292
0.209682 0.585606
0.2145 0.586667
0.217493 0.588865
0.219786 0.585
0.2219 0.585667
0.224167 0.584444
0.22749 0.585951
0.2315 0.584048
0.229237 0.580636
0.22647 0.578428
0.2245 0.575833
0.2225 0.578333
0.220904 0.574376
0.218965 0.574341
0.217544 0.579081
0.215 0.578333
0.212167 0.578611
0.2083 0.575
0.205207 0.570504
0.2075 0.566667
0.2105 0.565833
0.2125 0.569286
0.2155 0.568333
0.217875 0.56375
0.214 0.560417
0.209375 0.557917
0.206625 0.55875
0.20439 0.555335
0.2045 0.545
0.2075 0.548333
0.210375 0.547917
0.212389 0.553889
0.2167 0.555
0.220611 0.55537
0.225389 0.557593
0.223374 0.56212
0.220534 0.565192
0.223487 0.570195
0.226309 0.569107
0.229368 0.572106
0.232375 0.575417
0.236417 0.573889
0.234375 0.567917
0.231625 0.565417
0.228409 0.560455
0.231125 0.557083
0.2345 0.558333
0.2375 0.56
0.240375 0.56125
0.2435 0.556667
0.246696 0.558333
0.24851 0.54915
0.245611 0.547977
0.248282 0.540765
0.243092 0.54461
0.240416 0.550506
0.237528 0.548693
0.234506 0.549061
0.231751 0.54937
0.229342 0.548343
0.2266 0.548984
0.224187 0.548072
0.221618 0.547985
0.218448 0.546333
0.215212 0.545973
0.21267 0.541319
0.209446 0.538621
0.206552 0.536537
0.203237 0.535007
0.204844 0.504684
End
