1000 300
0.20384 0.373463
0.210712 0.368636
0.216753 0.368447
0.221072 0.362925
0.224322 0.367997
0.227038 0.360269
0.230273 0.356136
0.224045 0.353788
0.218808 0.354744
0.214827 0.355102
0.209346 0.350128
0.212811 0.341273
0.2165 0.343333
0.219591 0.342879
0.222591 0.345606
0.2275 0.348333
0.2312 0.344
0.233592 0.349817
0.23678 0.349523
0.241183 0.348662
0.243799 0.360309
0.238375 0.366111
0.233848 0.366304
0.242344 0.376155
0.255117 0.371
0.255028 0.356667
0.266876 0.36401
0.273154 0.360897
0.279327 0.355345
0.28598 0.359667
0.291452 0.360585
0.282076 0.371577
0.27806 0.372265
0.27422 0.375141
0.269717 0.377029
0.26534 0.384733
0.254561 0.385683
0.254682 0.400909
0.265409 0.410342
0.27279 0.408752
0.279475 0.406167
0.285159 0.408428
0.291281 0.412916
0.296821 0.410119
0.302393 0.412857
0.309714 0.418333
0.314181 0.409979
0.307357 0.404643
0.312877 0.392773
0.307722 0.387716
0.301875 0.393854
0.295823 0.393602
0.290463 0.394259
0.285823 0.39184
0.281835 0.395478
0.27693 0.396449
0.268346 0.396667
0.273161 0.391725
0.276184 0.384179
0.279583 0.384444
0.283126 0.383043
0.287702 0.375425
0.292615 0.376667
0.298055 0.377593
0.304107 0.376429
0.311981 0.373396
0.324184 0.381108
0.337143 0.375476
0.342315 0.376975
0.347352 0.38216
0.352346 0.383205
0.3578 0.391778
0.37006 0.385267
0.364267 0.383778
0.356349 0.37468
0.36038 0.370828
0.364222 0.365426
0.369096 0.370709
0.375443 0.376905
0.382308 0.378333
0.38853 0.379141
0.39519 0.383161
0.400984 0.38586
0.406 0.391667
0.410424 0.399056
0.404682 0.409545
0.398985 0.403687
0.393133 0.397444
0.386577 0.393974
0.380707 0.393046
0.375147 0.396667
0.368769 0.400128
0.36256 0.40106
0.353796 0.403518
0.348964 0.399286
0.342893 0.395119
0.337289 0.392492
0.325454 0.397004
0.326563 0.4124
0.3389 0.41
0.345349 0.411355
0.350695 0.420195
0.357781 0.415104
0.365031 0.416771
0.371083 0.412639
0.376249 0.417252
0.381564 0.408571
0.388308 0.407192
0.392871 0.41719
0.398882 0.422451
0.406204 0.426605
0.41056 0.419502
0.421466 0.421629
0.426891 0.413913
0.421362 0.404875
0.420583 0.388136
0.426457 0.392392
0.439333 0.393111
0.444567 0.393555
0.449133 0.384222
0.4535 0.391026
0.4585 0.385139
0.463349 0.387831
0.46826 0.385293
0.472542 0.380417
0.476615 0.388077
0.481081 0.396075
0.485967 0.390889
0.492274 0.385645
0.497242 0.37586
0.489121 0.373276
0.482822 0.374677
0.477017 0.370862
0.470397 0.365429
0.47982 0.357667
0.4865 0.359368
0.4935 0.359571
0.49998 0.3622
0.50426 0.369267
0.510349 0.371344
0.515426 0.363025
0.526881 0.35797
0.531398 0.356013
0.540147 0.353032
0.545464 0.357381
0.550465 0.356149
0.541406 0.368899
0.532176 0.378627
0.528185 0.373864
0.519502 0.373781
0.515633 0.385333
0.510017 0.388218
0.50397 0.385882
0.498983 0.393736
0.494231 0.400385
0.4887 0.405333
0.476235 0.407647
0.471106 0.402677
0.46512 0.403621
0.458929 0.401428
0.451742 0.407828
0.436973 0.408712
0.441396 0.413506
0.446855 0.410591
0.456726 0.416075
0.462714 0.418928
0.468643 0.42
0.472467 0.428743
0.478183 0.424507
0.483092 0.4166
0.488741 0.42078
0.495643 0.415145
0.502161 0.408135
0.507772 0.405564
0.513889 0.403788
0.519753 0.399806
0.528388 0.393453
0.531839 0.399114
0.541624 0.386416
0.547045 0.378939
0.552094 0.375833
0.557944 0.377469
0.564574 0.382901
0.569352 0.380432
0.575196 0.385069
0.580827 0.383161
0.586808 0.380769
0.591458 0.385972
0.596121 0.382586
0.602153 0.392202
0.597741 0.401092
0.592583 0.401944
0.587591 0.399091
0.583455 0.396515
0.579017 0.402221
0.570598 0.397241
0.566777 0.406143
0.560846 0.408333
0.56174 0.3938
0.556121 0.393391
0.551166 0.396889
0.546086 0.399942
0.541395 0.405256
0.531051 0.413883
0.541716 0.422432
0.546184 0.421081
0.550523 0.415563
0.555689 0.414397
0.560469 0.425025
0.565054 0.423708
0.57576 0.419427
0.5815 0.415555
0.586944 0.414259
0.59258 0.418466
0.597417 0.418055
0.602944 0.414862
0.612813 0.405048
0.616152 0.395765
0.611112 0.381742
0.614694 0.375311
0.625186 0.371305
0.629348 0.370979
0.634587 0.368768
0.639042 0.364305
0.64613 0.369197
0.652574 0.368457
0.657693 0.376785
0.667665 0.370346
0.671945 0.375041
0.66625 0.384583
0.661738 0.384992
0.651685 0.383148
0.646 0.384524
0.6403 0.38
0.6337 0.384333
0.627018 0.386179
0.6325 0.39869
0.63874 0.3954
0.6435 0.401905
0.64842 0.400333
0.654086 0.397299
0.658685 0.400185
0.665463 0.401296
0.671113 0.394032
0.683292 0.389639
0.688579 0.389314
0.692833 0.386111
0.698167 0.3875
0.701943 0.38944
0.695046 0.391667
0.690854 0.398853
0.694836 0.401891
0.699022 0.398852
0.7059 0.399933
0.710171 0.406984
0.718807 0.409475
0.72286 0.417267
0.734759 0.41142
0.740757 0.404714
0.74725 0.400119
0.753234 0.403494
0.764568 0.402307
0.770951 0.39629
0.777107 0.39369
0.7855 0.396449
0.790495 0.389833
0.782092 0.386481
0.787269 0.377692
0.792371 0.369069
0.7873 0.361267
0.782625 0.367222
0.777923 0.374231
0.77306 0.3814
0.765728 0.387426
0.755702 0.389159
0.74981 0.384655
0.744278 0.384383
0.739357 0.385714
0.734799 0.395338
0.72288 0.39477
0.71843 0.389229
0.710404 0.388607
0.705251 0.381043
0.701 0.378333
0.697 0.378333
0.694045 0.374394
0.690183 0.378987
0.684381 0.370778
0.689376 0.366098
0.6923 0.366667
0.697214 0.366667
0.701 0.367381
0.704583 0.369444
0.708093 0.373601
0.711039 0.369079
0.717676 0.369983
0.722648 0.373321
0.734335 0.376686
0.739629 0.367903
0.746018 0.367963
0.752393 0.370595
0.757762 0.372237
0.768008 0.371979
0.773283 0.36529
0.779 0.356944
0.774848 0.349203
0.769717 0.355145
0.76061 0.356829
0.755678 0.352857
0.750068 0.355103
0.743444 0.354046
0.734126 0.356378
0.738655 0.349883
0.745334 0.343867
0.741135 0.341941
0.738136 0.336212
0.735315 0.338864
0.732313 0.33527
0.721316 0.337958
0.716147 0.336875
0.712167 0.339074
0.7095 0.335667
0.7075 0.343
0.704591 0.343788
0.701269 0.346282
0.7083 0.351667
0.711912 0.348127
0.716069 0.350235
0.721562 0.355799
0.711114 0.358659
0.707227 0.361061
0.704 0.356667
0.699571 0.355476
0.694409 0.359242
0.696136 0.351364
0.692389 0.349444
0.68979 0.353793
0.686264 0.351992
0.671972 0.351051
0.66794 0.353978
0.657793 0.356401
0.651678 0.354643
0.644461 0.356538
0.639549 0.349766
0.636292 0.346562
0.632877 0.342523
0.628991 0.341391
0.62266 0.341535
0.631761 0.357029
0.625388 0.355958
0.611341 0.360069
0.600636 0.372237
0.595115 0.364231
0.59038 0.368067
0.583638 0.366379
0.578093 0.368086
0.571857 0.367024
0.563124 0.367731
0.559637 0.360701
0.555895 0.360309
0.562136 0.354697
0.566279 0.358133
0.573875 0.352639
0.578426 0.350802
0.58298 0.3474
0.588033 0.353222
0.593464 0.347143
0.599071 0.352445
0.609352 0.345901
0.607972 0.331857
0.5971 0.332535
0.590767 0.332889
0.585537 0.333025
0.58 0.330555
0.574433 0.334333
0.568601 0.328397
0.563844 0.328958
0.559867 0.324687
0.555282 0.316808
0.550149 0.316003
0.546644 0.320443
0.543389 0.319074
0.541955 0.312879
0.537201 0.316168
0.539024 0.324781
0.543226 0.327877
0.551857 0.332619
0.55705 0.335399
0.560885 0.336282
0.566024 0.341537
0.569717 0.34587
0.563167 0.345556
0.558885 0.347051
0.555041 0.347551
0.547107 0.340357
0.541608 0.337451
0.538479 0.336547
0.530059 0.334258
0.526146 0.341345
0.518309 0.348311
0.511804 0.350661
0.508258 0.355242
0.504634 0.351377
0.499082 0.347336
0.505988 0.341272
0.510105 0.339084
0.513792 0.338236
0.507617 0.330171
0.502458 0.333159
0.497813 0.329177
0.494 0.328333
0.489864 0.331364
0.486062 0.335326
0.495571 0.339705
0.492342 0.340407
0.488967 0.343975
0.482846 0.346154
0.475018 0.350926
0.470354 0.347217
0.462029 0.348915
0.458337 0.35712
0.461398 0.369972
0.454873 0.373155
0.449167 0.365144
0.44513 0.37216
0.440722 0.373148
0.436184 0.379124
0.425115 0.373361
0.419563 0.370709
0.410245 0.374681
0.405464 0.373928
0.398312 0.368542
0.392015 0.364798
0.385651 0.360656
0.38014 0.3646
0.37546 0.357667
0.37024 0.356186
0.364348 0.353525
0.360186 0.355073
0.357107 0.360191
0.351134 0.364217
0.347251 0.364187
0.344117 0.361433
0.341332 0.357026
0.338232 0.355769
0.335018 0.361448
0.323863 0.363947
0.320123 0.35377
0.308409 0.361565
0.302305 0.362083
0.297808 0.36279
0.295647 0.35677
0.2932 0.352
0.289536 0.348408
0.283522 0.344157
0.286751 0.340617
0.2917 0.34
0.2945 0.341667
0.297318 0.345909
0.300081 0.348912
0.304395 0.348421
0.310015 0.345218
0.321787 0.340665
0.334221 0.346641
0.338 0.344048
0.3417 0.345
0.345115 0.350385
0.349 0.352619
0.352841 0.352798
0.354954 0.343902
0.3509 0.340333
0.3473 0.341667
0.343885 0.336282
0.340417 0.333889
0.33575 0.333889
0.332357 0.335068
0.320858 0.323294
0.316843 0.323532
0.307989 0.326719
0.30261 0.327475
0.303325 0.337868
0.3003 0.333333
0.2975 0.333333
0.294625 0.332083
0.289 0.333333
0.2855 0.33
0.292 0.328333
0.2893 0.322
0.292389 0.317222
0.294625 0.322083
0.297864 0.32197
0.302492 0.318623
0.298917 0.3125
0.294917 0.311111
0.289885 0.310385
0.2865 0.308333
0.283115 0.307051
0.279083 0.305833
0.274833 0.309222
0.268966 0.310991
0.272315 0.317559
0.277143 0.319048
0.2807 0.315
0.2863 0.318
0.283269 0.322179
0.28 0.326667
0.273448 0.327198
0.269425 0.332313
0.275974 0.332083
0.281683 0.336531
0.278266 0.338302
0.273587 0.346014
0.268384 0.34782
0.254861 0.341496
0.254678 0.326029
0.244448 0.325637
0.2393 0.323333
0.241857 0.315714
0.236318 0.317424
0.233 0.32
0.227389 0.319444
0.2217 0.325
0.225864 0.328636
0.22975 0.326944
0.2325 0.332333
0.236 0.328333
0.241333 0.331667
0.244144 0.339637
0.238857 0.339048
0.235136 0.338636
0.229375 0.337917
0.226083 0.339167
0.222583 0.334444
0.218654 0.330128
0.214703 0.330118
0.205924 0.326453
0.214563 0.317042
0.2185 0.316667
0.221682 0.314091
0.224591 0.317121
0.2298 0.314
0.227045 0.307121
0.2235 0.304333
0.219864 0.304697
0.216038 0.305513
0.211183 0.306121
0.213119 0.294328
0.2165 0.293333
0.2195 0.295
0.2223 0.293333
0.225682 0.296818
0.229389 0.299444
0.232214 0.306667
0.2353 0.306667
0.238682 0.309848
0.24414 0.308267
0.252085 0.312709
0.256612 0.306333
0.251582 0.299801
0.243105 0.295892
0.240167 0.300833
0.236167 0.296667
0.232 0.293333
0.2274 0.29
0.228611 0.283889
0.224 0.283333
0.22 0.285
0.213688 0.27931
0.217643 0.278333
0.2215 0.275
0.226 0.272778
0.228625 0.275417
0.231786 0.278333
0.234833 0.285833
0.239 0.289286
0.242903 0.283824
0.2407 0.278
0.237591 0.277121
0.234864 0.273182
0.241157 0.267747
0.237167 0.264167
0.233389 0.263889
0.230038 0.265513
0.226227 0.260758
0.2235 0.265667
0.219967 0.264556
0.215547 0.264948
0.218549 0.252236
0.222786 0.253333
0.228167 0.253333
0.231864 0.254697
0.235864 0.254697
0.239978 0.256129
0.245662 0.25112
0.241205 0.243352
0.237409 0.243788
0.235 0.243333
0.2325 0.243333
0.229038 0.242949
0.224875 0.243958
0.220254 0.239103
0.223299 0.230252
0.2265 0.23
0.230038 0.232179
0.233409 0.230455
0.230011 0.220996
0.227938 0.218702
0.22377 0.213057
0.229116 0.205742
0.23643 0.204716
0.241793 0.210974
0.232833 0.211944
0.235115 0.219615
0.2385 0.219359
0.245677 0.220019
0.241731 0.222949
0.236389 0.230556
0.239136 0.233485
0.2427 0.233333
0.246 0.231667
0.250344 0.233721
0.246 0.241667
0.249767 0.247222
0.25237 0.254925
0.247351 0.260288
0.252842 0.265244
0.249417 0.267222
0.253 0.275953
0.248865 0.27697
0.25083 0.287306
0.254747 0.289068
0.273062 0.298125
0.2763 0.297333
0.2787 0.293333
0.2815 0.295667
0.28475 0.296111
0.288167 0.299167
0.291591 0.299545
0.295 0.301667
0.299038 0.300385
0.302239 0.305686
0.306643 0.307582
0.316655 0.304228
0.313389 0.288405
0.302483 0.289467
0.297864 0.291364
0.2943 0.291667
0.2907 0.288333
0.2875 0.288333
0.2845 0.285
0.281167 0.284167
0.276433 0.284333
0.271078 0.28266
0.27617 0.273311
0.279786 0.273333
0.283962 0.274487
0.2875 0.276667
0.290654 0.276795
0.294136 0.28197
0.298115 0.281154
0.302042 0.277556
0.297 0.271667
0.2935 0.27
0.29 0.265
0.285857 0.264048
0.282 0.262619
0.277971 0.258564
0.28194 0.250733
0.2861 0.252111
0.29 0.254048
0.2935 0.256667
0.294731 0.242436
0.291591 0.242879
0.2879 0.241222
0.283408 0.238174
0.289741 0.230583
0.294 0.231666
0.298451 0.231555
0.305506 0.23723
0.299452 0.242141
0.296962 0.251154
0.301299 0.253749
0.306799 0.257251
0.297 0.261667
0.301164 0.266247
0.310606 0.269881
0.324547 0.272589
0.335463 0.279177
0.34006 0.275432
0.343583 0.273889
0.349136 0.274697
0.353 0.271667
0.357 0.271667
0.3609 0.273667
0.366375 0.26875
0.363583 0.265556
0.360591 0.260758
0.357 0.261667
0.353136 0.26197
0.349136 0.265303
0.345318 0.266515
0.339916 0.260799
0.342865 0.254144
0.346885 0.256282
0.350318 0.254091
0.353167 0.249
0.356833 0.251389
0.3613 0.251667
0.364278 0.248704
0.3675 0.244333
0.370167 0.241667
0.374136 0.245303
0.378115 0.247051
0.381654 0.25218
0.385136 0.24803
0.388625 0.25125
0.391731 0.249615
0.396524 0.255056
0.39275 0.259444
0.386833 0.257963
0.3834 0.259667
0.377955 0.258939
0.374667 0.254444
0.370136 0.25197
0.365954 0.255606
0.3683 0.261667
0.3716 0.261
0.3747 0.265
0.379611 0.266111
0.381944 0.269444
0.385955 0.267121
0.389857 0.265714
0.394169 0.270304
0.398145 0.269226
0.40275 0.2625
0.407768 0.2588
0.402456 0.246037
0.394763 0.24182
0.3887 0.241667
0.385 0.238333
0.380654 0.239872
0.375917 0.235833
0.372318 0.235606
0.3687 0.231667
0.365417 0.232778
0.3635 0.239667
0.3607 0.239333
0.3585 0.243333
0.355038 0.238846
0.348938 0.242708
0.344656 0.243331
0.351088 0.232059
0.345908 0.228529
0.354625 0.226042
0.35825 0.229722
0.361786 0.226667
0.365417 0.220556
0.368409 0.220455
0.3715 0.225
0.375 0.225
0.3785 0.229
0.381833 0.231296
0.385115 0.227051
0.381864 0.221364
0.378116 0.217072
0.374715 0.212228
0.371409 0.214394
0.363 0.213889
0.3575 0.217857
0.351068 0.211257
0.359997 0.209722
0.366012 0.20576
0.369966 0.20686
0.378841 0.202407
0.381301 0.21177
0.384692 0.210324
0.387247 0.217227
0.391044 0.216939
0.394967 0.224689
0.388786 0.229524
0.391857 0.234286
0.398946 0.233987
0.410201 0.229929
0.419414 0.233691
0.424269 0.233718
0.4288 0.230333
0.433267 0.228092
0.425837 0.211168
0.438523 0.224154
0.444217 0.227044
0.44758 0.240361
0.4429 0.241222
0.4391 0.238778
0.435233 0.238556
0.430857 0.240952
0.4274 0.237667
0.422 0.243333
0.416307 0.242417
0.418913 0.250304
0.425115 0.247564
0.4283 0.25
0.433 0.25
0.437167 0.25
0.440849 0.251075
0.444298 0.255851
0.447633 0.252556
0.451828 0.25297
0.455054 0.267753
0.450792 0.267429
0.447583 0.265921
0.440027 0.272819
0.43575 0.269583
0.432682 0.264394
0.437904 0.263415
0.435167 0.257963
0.430083 0.258333
0.425885 0.259615
0.421736 0.257125
0.422857 0.267
0.425261 0.272496
0.428786 0.27
0.4323 0.275
0.436 0.278333
0.4395 0.283333
0.442291 0.284233
0.436 0.287667
0.4325 0.285
0.4295 0.283333
0.426446 0.282858
0.414106 0.278944
0.409611 0.273476
0.404249 0.279957
0.399873 0.282204
0.391661 0.279188
0.388214 0.277619
0.384 0.276667
0.38 0.279
0.377 0.273333
0.372667 0.273333
0.369346 0.273462
0.3655 0.27881
0.369864 0.284697
0.374045 0.282273
0.376591 0.287121
0.379589 0.289533
0.382874 0.287319
0.386687 0.286865
0.394625 0.29
0.398223 0.295038
0.4015 0.293333
0.404792 0.293058
0.4095 0.291667
0.414638 0.29546
0.418709 0.302352
0.409918 0.306929
0.40372 0.304397
0.399553 0.30685
0.3925 0.308889
0.389197 0.296932
0.382746 0.301493
0.377926 0.299791
0.374167 0.3
0.369333 0.298333
0.372417 0.292222
0.36675 0.290556
0.36325 0.2875
0.360318 0.285606
0.356833 0.281944
0.353083 0.281944
0.349864 0.285303
0.346318 0.281061
0.34275 0.28621
0.3463 0.291667
0.3502 0.294333
0.354214 0.293333
0.358038 0.293462
0.3629 0.299667
0.366571 0.304286
0.359227 0.302273
0.356 0.306667
0.352046 0.304394
0.3489 0.302
0.345278 0.300556
0.342591 0.300455
0.339681 0.293138
0.331616 0.29357
0.336072 0.300516
0.328586 0.30629
0.334303 0.312428
0.339115 0.306282
0.343389 0.310926
0.347 0.309
0.3505 0.315
0.347 0.318333
0.3413 0.316667
0.337961 0.317821
0.333155 0.32347
0.3384 0.327333
0.343577 0.323974
0.347115 0.330385
0.350346 0.326538
0.353346 0.328333
0.356421 0.334101
0.361745 0.339016
0.36825 0.339286
0.374 0.341667
0.380224 0.347873
0.388293 0.345575
0.393879 0.347643
0.399 0.352051
0.403846 0.359231
0.40907 0.353373
0.418261 0.352084
0.424124 0.356005
0.435951 0.361982
0.441961 0.355
0.446321 0.348931
0.438413 0.345725
0.43403 0.345219
0.422543 0.337928
0.416635 0.332854
0.408308 0.333878
0.403821 0.340833
0.398154 0.335513
0.3915 0.330222
0.384209 0.335
0.378 0.33
0.372457 0.32657
0.364885 0.32708
0.360147 0.322173
0.35611 0.319678
0.353389 0.313889
0.360136 0.31197
0.3635 0.313333
0.366556 0.315807
0.369668 0.315749
0.372057 0.308529
0.376078 0.311243
0.381461 0.318461
0.387 0.316667
0.396038 0.320513
0.401961 0.323077
0.406703 0.318023
0.414905 0.316175
0.42102 0.319243
0.430448 0.306979
0.433583 0.307222
0.4385 0.303182
0.4357 0.3
0.428912 0.295231
0.432864 0.294697
0.439136 0.293788
0.442789 0.295417
0.444671 0.304257
0.441192 0.30859
0.444291 0.316403
0.439872 0.320585
0.436767 0.315667
0.432887 0.318367
0.433157 0.329177
0.436721 0.329442
0.441864 0.334091
0.446175 0.331493
0.459202 0.33506
0.472342 0.330123
0.477907 0.336481
0.481879 0.326222
0.486103 0.323659
0.489591 0.320455
0.4924 0.319
0.4957 0.318667
0.498651 0.315426
0.501548 0.31724
0.505399 0.315037
0.511389 0.321021
0.517035 0.3273
0.524401 0.324125
0.528204 0.315128
0.52288 0.30668
0.515568 0.311092
0.50834 0.307818
0.502591 0.307424
0.496667 0.306667
0.4935 0.306667
0.490591 0.307121
0.487409 0.310455
0.481892 0.30706
0.48436 0.313599
0.476822 0.31629
0.471448 0.310426
0.458842 0.317336
0.456623 0.300649
0.45405 0.286348
0.450431 0.278656
0.461606 0.282103
0.477996 0.280624
0.481 0.283889
0.484682 0.282273
0.487083 0.289167
0.4828 0.292667
0.474286 0.295334
0.479472 0.297087
0.4847 0.3
0.488045 0.299545
0.491 0.292619
0.4943 0.295333
0.49775 0.296111
0.500682 0.299848
0.5049 0.300667
0.507955 0.295606
0.511056 0.299967
0.514536 0.295721
0.521215 0.290469
0.526479 0.295538
0.535724 0.289827
0.540591 0.287424
0.546318 0.285606
0.549864 0.281364
0.542885 0.279615
0.538433 0.279222
0.534114 0.27696
0.523906 0.276306
0.518361 0.271231
0.511 0.27
0.506962 0.267051
0.5035 0.266667
0.5005 0.268333
0.497682 0.263788
0.492227 0.26803
0.493875 0.274167
0.4965 0.273182
0.499833 0.277593
0.5025 0.281
0.505333 0.276389
0.51125 0.277083
0.514682 0.275606
0.516861 0.28345
0.512833 0.286667
0.509192 0.282692
0.506611 0.286111
0.503773 0.291061
0.500375 0.28875
0.4975 0.284333
0.4945 0.285
0.491318 0.281364
0.48875 0.276944
0.4859 0.272667
0.481731 0.272436
0.477433 0.265559
0.481115 0.259615
0.4841 0.264
0.487611 0.263889
0.489944 0.262037
0.493083 0.2575
0.496409 0.255
0.501318 0.257727
0.5043 0.254667
0.499423 0.249359
0.494045 0.247121
0.489429 0.250714
0.485367 0.253444
0.481795 0.245522
0.485962 0.241154
0.490143 0.239762
0.492954 0.236515
0.487682 0.230206
0.494318 0.227727
0.497917 0.229167
0.5035 0.229
0.506864 0.225303
0.500577 0.222692
0.491751 0.221235
0.496089 0.215886
0.499759 0.211423
0.509133 0.193758
0.504 0.215952
0.507864 0.216212
0.511083 0.221389
0.515684 0.222663
0.523618 0.225969
0.516978 0.236297
0.512167 0.232556
0.508591 0.235
0.5057 0.236667
0.500885 0.237051
0.496885 0.239615
0.503318 0.244394
0.507046 0.247121
0.5106 0.243667
0.514833 0.243889
0.518988 0.248265
0.5125 0.251111
0.508167 0.256667
0.511083 0.261389
0.514583 0.263889
0.5165 0.256667
0.520897 0.260463
0.530027 0.254935
0.540865 0.253082
0.544586 0.252057
0.547608 0.245449
0.550442 0.239948
0.554877 0.240337
0.552566 0.231839
0.556303 0.227671
0.562083 0.224722
0.558897 0.21902
0.547555 0.214755
0.563919 0.214318
0.568148 0.213618
0.573637 0.213591
0.578846 0.215468
0.586665 0.214506
0.578757 0.22747
0.575136 0.225303
0.570958 0.221153
0.568 0.226111
0.565417 0.229722
0.562409 0.236212
0.559233 0.236111
0.565136 0.24197
0.568917 0.238056
0.572 0.233333
0.575446 0.236734
0.579029 0.240584
0.581706 0.233743
0.589178 0.241628
0.584358 0.24403
0.580403 0.2539
0.576914 0.249163
0.573038 0.246282
0.568864 0.24803
0.565136 0.251364
0.561112 0.249627
0.557682 0.247424
0.551417 0.252778
0.554386 0.252921
0.557945 0.257222
0.563 0.259
0.566375 0.262083
0.5687 0.259333
0.571864 0.255303
0.575893 0.260317
0.572 0.265
0.580023 0.266457
0.575999 0.271674
0.572038 0.275513
0.5687 0.274
0.566389 0.272037
0.563136 0.26803
0.559409 0.264394
0.5555 0.264333
0.5525 0.265667
0.549409 0.260455
0.546269 0.260385
0.542786 0.266667
0.538786 0.268333
0.546214 0.273333
0.549864 0.27197
0.554167 0.275833
0.557611 0.273889
0.56086 0.275304
0.564409 0.280455
0.561136 0.284697
0.5566 0.283667
0.553115 0.287051
0.55 0.291667
0.544318 0.293182
0.5478 0.297333
0.54225 0.300556
0.539 0.296667
0.536297 0.303326
0.5395 0.309
0.5459 0.307
0.55016 0.304648
0.553379 0.299665
0.556502 0.298321
0.558934 0.307341
0.563237 0.310373
0.56739 0.310762
0.572283 0.318043
0.57725 0.314286
0.582615 0.313974
0.588052 0.316379
0.594303 0.315929
0.605779 0.317943
0.603471 0.302156
0.592084 0.300742
0.586022 0.300287
0.58 0.298333
0.573831 0.300109
0.570087 0.299827
0.566167 0.3
0.562197 0.300699
0.56075 0.294583
0.5585 0.29
0.564709 0.291642
0.567591 0.286212
0.5709 0.287
0.574987 0.289371
0.575576 0.281624
0.579275 0.280216
0.584459 0.284849
0.58935 0.286322
0.600689 0.286333
0.595559 0.277105
0.586277 0.276286
0.588895 0.268793
0.58597 0.262433
0.592787 0.257072
0.598077 0.265032
0.610935 0.267695
0.6245 0.265392
0.629115 0.266282
0.633046 0.268939
0.6352 0.262667
0.639136 0.264697
0.6433 0.261667
0.647167 0.26
0.6523 0.257
0.655939 0.253934
0.653 0.246667
0.6495 0.249
0.646278 0.250556
0.643136 0.251364
0.639864 0.255303
0.636269 0.252949
0.632115 0.256282
0.62725 0.25625
0.625103 0.244718
0.63 0.245
0.6335 0.245
0.636083 0.239167
0.639346 0.243462
0.64325 0.241389
0.647 0.241
0.655834 0.240288
0.650654 0.236795
0.6538 0.232667
0.6473 0.232
0.645056 0.227222
0.641955 0.232879
0.638115 0.230385
0.632667 0.234722
0.627906 0.228969
0.632768 0.22435
0.635417 0.221111
0.640318 0.222273
0.6433 0.22
0.6375 0.213889
0.640583 0.210556
0.643125 0.204167
0.648045 0.204394
0.6525 0.201667
0.645788 0.194909
0.650332 0.189753
0.655072 0.193095
0.659022 0.175947
0.665492 0.196256
0.66025 0.198958
0.6564 0.203
0.659313 0.210625
0.664029 0.211667
0.6545 0.213333
0.650167 0.211389
0.646115 0.214744
0.649045 0.222273
0.652 0.223889
0.655818 0.224633
0.658614 0.222593
0.662038 0.22141
0.668036 0.220541
0.666262 0.230431
0.661121 0.232705
0.663682 0.235909
0.667008 0.243111
0.662069 0.246748
0.664692 0.253446
0.669286 0.260255
0.663282 0.263341
0.655636 0.264746
0.650423 0.263974
0.6425 0.270556
0.645682 0.270758
0.6488 0.273333
0.6533 0.272667
0.656792 0.274465
0.665971 0.276125
0.674762 0.277317
0.667345 0.290745
0.671233 0.304596
0.666734 0.3113
0.657308 0.303181
0.652872 0.301816
0.648937 0.30551
0.645115 0.305256
0.6408 0.304
0.6372 0.304
0.643045 0.297121
0.639 0.294333
0.635 0.297667
0.630864 0.297121
0.626794 0.294515
0.63 0.286667
0.633417 0.284722
0.635864 0.287424
0.638955 0.283788
0.642136 0.286818
0.646 0.289333
0.648045 0.295
0.651083 0.291944
0.654674 0.288866
0.657155 0.285147
0.652278 0.280556
0.6493 0.281667
0.645 0.281
0.640611 0.275741
0.636714 0.27381
0.631045 0.276212
0.626912 0.278725
0.622914 0.276911
0.622541 0.289047
0.616318 0.297881
0.622044 0.305025
0.627987 0.307465
0.632 0.305
0.634318 0.311061
0.6382 0.312333
0.642039 0.314487
0.646351 0.315422
0.656713 0.320069
0.6515 0.32
0.646813 0.326868
0.6435 0.326667
0.640591 0.327121
0.637864 0.321364
0.6343 0.321667
0.631 0.316667
0.625652 0.315965
0.620115 0.320759
0.6285 0.323333
0.626167 0.330404
0.631346 0.330128
0.634591 0.332879
0.637409 0.332879
0.640254 0.339531
0.64376 0.339593
0.648277 0.342957
0.652769 0.336795
0.657774 0.337757
0.667323 0.333995
0.671046 0.327879
0.679915 0.323058
0.690917 0.322222
0.694611 0.322407
0.699 0.328333
0.695136 0.331364
0.691 0.331
0.687538 0.335986
0.689955 0.341061
0.6935 0.34
0.696375 0.342083
0.698955 0.338333
0.702583 0.333889
0.706864 0.330455
0.704611 0.326111
0.7023 0.32
0.6994 0.317667
0.6967 0.316667
0.691631 0.311732
0.694667 0.308333
0.696963 0.300466
0.699531 0.291888
0.702731 0.292949
0.70625 0.289444
0.70975 0.290417
0.714668 0.297503
0.711591 0.297121
0.708 0.299
0.704136 0.30197
0.7005 0.306905
0.704417 0.312778
0.708 0.308333
0.712 0.308333
0.716062 0.309735
0.712136 0.31803
0.707864 0.31803
0.71 0.325
0.713045 0.329545
0.715889 0.323208
0.719489 0.321032
0.730693 0.316232
0.733122 0.309915
0.736682 0.307727
0.740167 0.30537
0.7431 0.309667
0.745654 0.301667
0.748409 0.300455
0.751227 0.295
0.742115 0.297051
0.737833 0.296667
0.73395 0.299076
0.728001 0.298806
0.73326 0.28807
0.7395 0.288333
0.744167 0.288611
0.747833 0.2875
0.752167 0.286667
0.755885 0.290385
0.758955 0.295
0.763714 0.29619
0.768808 0.296795
0.773143 0.300476
0.778221 0.305135
0.775055 0.311816
0.770833 0.308055
0.767409 0.307121
0.764667 0.308889
0.761417 0.305556
0.758591 0.306212
0.755115 0.302436
0.751833 0.305833
0.748731 0.312436
0.753167 0.315833
0.756682 0.314394
0.7625 0.3175
0.767958 0.319183
0.77166 0.319941
0.779558 0.32135
0.785398 0.319364
0.794072 0.316429
0.788504 0.316005
0.783304 0.310815
0.787625 0.30388
0.794093 0.298852
0.789195 0.290942
0.783213 0.296782
0.777727 0.294223
0.774409 0.292273
0.780244 0.28849
0.784016 0.28212
0.780167 0.278056
0.776227 0.280758
0.773375 0.283333
0.770583 0.285556
0.767389 0.281296
0.7635 0.284333
0.7666 0.289333
0.7607 0.286667
0.758 0.28
0.7542 0.279333
0.749286 0.277143
0.745136 0.278636
0.740333 0.279722
0.736206 0.280042
0.723248 0.276709
0.710788 0.265729
0.733954 0.25213
0.740753 0.249578
0.745196 0.250811
0.749039 0.251154
0.748047 0.240633
0.752 0.244375
0.755864 0.244697
0.759583 0.239722
0.756072 0.233571
0.752735 0.230882
0.748099 0.22069
0.758333 0.226667
0.76225 0.233611
0.765409 0.232879
0.768375 0.232083
0.770611 0.228704
0.773885 0.229615
0.780214 0.23
0.784655 0.226869
0.777115 0.222949
0.774056 0.218704
0.77 0.219167
0.766409 0.220455
0.763167 0.2225
0.759864 0.219242
0.763683 0.208882
0.768591 0.211061
0.773417 0.210833
0.783893 0.198828
0.777864 0.211364
0.781062 0.216458
0.785143 0.216106
0.791214 0.216018
0.804728 0.220885
0.793793 0.235086
0.798287 0.246676
0.812604 0.261006
0.802368 0.262218
0.791558 0.258326
0.786646 0.257896
0.783417 0.256944
0.780192 0.26141
0.776833 0.264259
0.774833 0.258611
0.7714 0.264667
0.7672 0.264
0.763625 0.265417
0.7615 0.258889
0.7655 0.255556
0.7695 0.256667
0.771864 0.252576
0.775115 0.247051
0.7787 0.251667
0.7825 0.246795
0.787604 0.241611
0.783647 0.236795
0.779136 0.24197
0.776591 0.236212
0.771885 0.240385
0.768 0.24
0.768 0.247667
0.764083 0.245278
0.761 0.249
0.757864 0.253485
0.755 0.256667
0.75225 0.260278
0.748885 0.262949
0.743286 0.260238
0.739747 0.264856
0.737816 0.268237
0.74225 0.271667
0.746 0.267778
0.752 0.271
0.75575 0.269722
0.758885 0.266282
0.761318 0.274394
0.765045 0.273788
0.769045 0.272879
0.772962 0.272949
0.777773 0.271667
0.783279 0.269804
0.788808 0.274615
0.793726 0.280373
0.805374 0.280366
0.805907 0.30043
0.81303 0.301339
0.807112 0.321743
0.815804 0.341164
0.807604 0.340986
0.79408 0.335717
0.788864 0.330202
0.783481 0.328118
0.77489 0.329326
0.767329 0.329945
0.764042 0.327323
0.759767 0.323222
0.756114 0.326621
0.751357 0.325714
0.747885 0.322949
0.744423 0.317821
0.74 0.316667
0.736786 0.320952
0.733757 0.324265
0.74 0.327667
0.7446 0.327667
0.7428 0.334
0.7472 0.335333
0.749993 0.339009
0.753945 0.33568
0.759876 0.336745
0.764914 0.344445
0.770773 0.339394
0.778591 0.33803
0.78286 0.346333
0.787654 0.345128
0.792933 0.352017
0.805727 0.358768
0.807117 0.374149
0.814073 0.379263
0.803719 0.384928
0.8035 0.401696
0.811569 0.412206
0.800874 0.416607
0.798655 0.432134
0.807813 0.443063
0.793898 0.441819
0.796146 0.451878
0.788769 0.447962
0.783242 0.442742
0.776844 0.440747
0.771177 0.441559
0.766159 0.448479
0.754653 0.451263
0.747682 0.453485
0.740562 0.459062
0.733433 0.461351
0.733271 0.445386
0.739093 0.444062
0.745531 0.438437
0.752654 0.436663
0.765533 0.431901
0.772796 0.425
0.779155 0.425919
0.784931 0.425592
0.787298 0.409007
0.781016 0.408441
0.775241 0.410308
0.768866 0.414666
0.763375 0.417073
0.754805 0.420422
0.749362 0.421437
0.745167 0.414583
0.742083 0.426667
0.73774 0.425267
0.733342 0.428879
0.722786 0.436069
0.718413 0.431146
0.709646 0.427144
0.7025 0.438563
0.707603 0.444276
0.695955 0.443422
0.690435 0.436085
0.685585 0.436521
0.680615 0.441795
0.671357 0.445714
0.666177 0.440269
0.661 0.434412
0.67119 0.428325
0.681221 0.424889
0.689198 0.423277
0.693769 0.427322
0.699154 0.425897
0.705066 0.420666
0.701548 0.409603
0.696629 0.410825
0.6919 0.410405
0.686214 0.40869
0.681468 0.407582
0.671086 0.411437
0.665914 0.420172
0.661166 0.413765
0.655984 0.419946
0.651019 0.414259
0.6456 0.419666
0.638312 0.411875
0.632204 0.415247
0.627653 0.407483
0.617678 0.418937
0.614136 0.426749
0.629544 0.430544
0.635776 0.428678
0.641648 0.428827
0.650742 0.432879
0.655984 0.440699
0.645671 0.442714
0.6385 0.442816
0.631664 0.447984
0.638368 0.457153
0.644214 0.461188
0.651625 0.453229
0.658312 0.457708
0.664059 0.456863
0.670702 0.462767
0.680156 0.460409
0.685333 0.456222
0.69075 0.452143
0.700684 0.454619
0.695276 0.463298
0.689974 0.470496
0.685024 0.476105
0.680058 0.480338
0.675531 0.476378
0.6711 0.482466
0.666107 0.47847
0.660973 0.476267
0.655177 0.473517
0.649446 0.468835
0.636646 0.488875
0.630939 0.480749
0.619803 0.472522
0.615715 0.46288
0.61943 0.446827
0.615186 0.443333
0.604372 0.436457
0.599685 0.433642
0.594538 0.436026
0.589357 0.429445
0.584976 0.43119
0.58063 0.431087
0.57526 0.434067
0.570905 0.441402
0.574326 0.451814
0.578869 0.445702
0.583654 0.447949
0.589542 0.444028
0.59675 0.451667
0.60074 0.4542
0.605101 0.4563
0.592592 0.457779
0.587656 0.458853
0.583346 0.46366
0.578646 0.462649
0.564793 0.474625
0.556924 0.467904
0.552705 0.474782
0.547098 0.472229
0.541532 0.465655
0.545577 0.454231
0.5507 0.456333
0.555657 0.450871
0.549377 0.437604
0.542718 0.441458
0.532668 0.456738
0.529271 0.447688
0.518879 0.439869
0.513535 0.439842
0.508503 0.441535
0.50344 0.443673
0.498151 0.447329
0.492786 0.451392
0.487926 0.457381
0.483878 0.453338
0.464711 0.433816
0.458048 0.433705
0.452438 0.431565
0.447538 0.431017
0.442611 0.430926
0.437225 0.430758
0.42735 0.43191
0.421707 0.438333
0.426463 0.450926
0.421491 0.454253
0.42668 0.466811
0.437344 0.460118
0.442711 0.462889
0.449337 0.462929
0.455944 0.464259
0.461417 0.464722
0.467449 0.461716
0.472432 0.461579
0.47795 0.457175
0.481351 0.467443
0.475229 0.473938
0.4655 0.473772
0.469422 0.480214
0.462527 0.482635
0.457632 0.480069
0.452069 0.478246
0.445398 0.476722
0.43652 0.479749
0.409143 0.478904
0.404214 0.478737
0.397677 0.481823
0.391438 0.486083
0.385758 0.490346
0.379471 0.495083
0.372506 0.499833
0.374715 0.51514
0.379457 0.513872
0.384353 0.508697
0.389463 0.506532
0.394399 0.500777
0.399175 0.498932
0.403133 0.494495
0.40765 0.496701
0.420079 0.492213
0.424732 0.504439
0.431255 0.530501
0.423585 0.598493
0.414345 0.649558
0.465911 0.670828
0.462191 0.696931
0.471993 0.700725
0.513464 0.696717
0.519726 0.681419
0.522699 0.644321
0.530699 0.586255
0.539898 0.498469
0.544658 0.501755
0.549418 0.503101
0.554372 0.506272
0.56025 0.506558
0.56664 0.503039
0.573476 0.499786
0.580544 0.495059
0.587589 0.491076
0.594009 0.489481
0.5995 0.488651
0.604722 0.49006
0.617024 0.502499
0.624894 0.51638
0.642678 0.495522
0.648916 0.502642
0.657114 0.509121
0.659789 0.518968
0.663852 0.515467
0.668319 0.519979
0.67442 0.524721
0.673479 0.513623
0.67976 0.519317
0.684859 0.517233
0.689982 0.514397
0.69842 0.509071
0.694141 0.505654
0.70502 0.499589
0.700586 0.49483
0.707201 0.484468
0.71789 0.475791
0.72142 0.468548
0.731019 0.479054
0.736556 0.476764
0.741345 0.476235
0.745609 0.471472
0.75029 0.47062
0.754658 0.467968
0.759104 0.467495
0.769263 0.462152
0.775121 0.457529
0.780321 0.45869
0.785092 0.462037
0.791356 0.464774
0.804734 0.476236
0.809976 0.50439
0.787125 0.47796
0.782434 0.480287
0.777535 0.479048
0.772802 0.473768
0.767734 0.497775
0.760789 0.49729
0.752904 0.497115
0.755589 0.504766
0.748507 0.5065
0.743239 0.508174
0.737899 0.511212
0.731767 0.509575
0.72205 0.587559
0.825 0.606063
0.824015 0.650061
0.81575 0.686571
0.808155 0.713974
0.798107 0.734441
0.788246 0.742
0.778054 0.74506
0.767785 0.746394
0.756904 0.744728
0.744774 0.739359
0.732142 0.722395
0.723235 0.69114
0.716406 0.652419
0.706868 0.702631
0.695565 0.745016
0.680084 0.753913
0.668119 0.728064
0.646149 0.732901
0.630674 0.742659
0.615459 0.74571
0.611855 0.750761
0.616916 0.758164
0.61334 0.764142
0.608717 0.759083
0.597744 0.760059
0.602517 0.764829
0.606217 0.76811
0.609807 0.772129
0.605467 0.779398
0.602354 0.78392
0.59978 0.7846
0.597746 0.792708
0.595771 0.78488
0.592347 0.783726
0.599109 0.77315
0.594888 0.770957
0.591107 0.77369
0.565193 0.769228
0.562636 0.775909
0.560404 0.784659
0.556769 0.787611
0.553206 0.793733
0.548422 0.793243
0.552075 0.783585
0.556825 0.774543
0.560288 0.766379
0.563188 0.756667
0.567013 0.757084
0.569131 0.745395
0.586619 0.740682
0.594332 0.752476
0.600456 0.751088
0.605239 0.750861
0.608921 0.73988
0.613807 0.729859
0.620497 0.711116
0.658086 0.69632
0.623937 0.662783
0.57071 0.68903
0.565331 0.703547
0.578189 0.718833
0.559122 0.723338
0.549697 0.73723
0.537955 0.73412
0.527023 0.71113
0.507044 0.71535
0.498273 0.732917
0.48743 0.736826
0.47849 0.723136
0.458419 0.722021
0.452357 0.747305
0.443414 0.766994
0.43055 0.763963
0.420134 0.736443
0.414338 0.704837
0.405559 0.687468
0.401628 0.691091
0.393044 0.71385
0.38381 0.732239
0.373206 0.74336
0.362259 0.751822
0.349133 0.749465
0.338078 0.737728
0.328481 0.721523
0.320251 0.697449
0.308054 0.729945
0.291831 0.748261
0.273423 0.720018
0.241512 0.717172
0.222875 0.712088
0.255753 0.684713
0.20636 0.649634
0.202505 0.529683
0.212034 0.525975
0.219019 0.530411
0.225032 0.532739
0.231013 0.533161
0.236876 0.533213
0.24269 0.529519
0.248803 0.526634
0.256959 0.541587
0.256973 0.515767
0.267734 0.515795
0.274208 0.510218
0.266283 0.503687
0.272601 0.497884
0.279085 0.500143
0.284188 0.49821
0.290379 0.503446
0.297642 0.503465
0.28985 0.490055
0.29574 0.490814
0.302294 0.491289
0.308862 0.495076
0.305029 0.505417
0.313101 0.505185
0.325311 0.516507
0.32766 0.535794
0.339299 0.526517
0.343611 0.519568
0.351919 0.52836
0.356308 0.521915
0.362003 0.524973
0.359825 0.508794
0.347157 0.5065
0.33971 0.507512
0.328388 0.49038
0.326249 0.475699
0.340005 0.476018
0.346415 0.478023
0.353581 0.477466
0.351162 0.462205
0.346 0.461666
0.34 0.458333
0.328055 0.461013
0.312407 0.470108
0.304389 0.465555
0.298307 0.463351
0.291497 0.466194
0.284316 0.465079
0.278104 0.466506
0.268339 0.46586
0.27262 0.47331
0.26462 0.479432
0.25326 0.468849
0.249249 0.478531
0.251519 0.494992
0.2466 0.497114
0.232775 0.501705
0.227145 0.501236
0.221218 0.502133
0.215847 0.499781
0.210061 0.496095
0.204248 0.487964
0.213179 0.483333
0.218967 0.485
0.224786 0.48619
0.23486 0.48677
0.230767 0.481
0.23626 0.468727
0.227227 0.47
0.221984 0.469086
0.2155 0.467121
0.208076 0.47298
0.202594 0.458712
0.210219 0.456666
0.218531 0.452292
0.224919 0.451882
0.2305 0.46
0.233364 0.450303
0.2388 0.452066
0.250127 0.458122
0.252862 0.446243
0.264419 0.453018
0.273531 0.453437
0.269177 0.441774
0.275667 0.436778
0.28587 0.44179
0.280529 0.448235
0.289179 0.452143
0.2945 0.451026
0.29813 0.44142
0.302948 0.446954
0.30819 0.453736
0.313926 0.452768
0.32668 0.445526
0.34 0.441667
0.345719 0.444271
0.358203 0.444758
0.362898 0.45273
0.371243 0.469451
0.377245 0.459747
0.384616 0.456272
0.391281 0.450922
0.398066 0.44665
0.405452 0.446567
0.410229 0.441299
0.402077 0.435897
0.393344 0.435
0.387291 0.437491
0.381575 0.446482
0.367134 0.43834
0.371182 0.428468
0.361562 0.430625
0.354717 0.430935
0.340214 0.425687
0.326558 0.428288
0.314295 0.431874
0.309155 0.436264
0.304167 0.428889
0.29781 0.425575
0.291952 0.433064
0.286923 0.424102
0.281855 0.427688
0.27694 0.420867
0.270733 0.424
0.264719 0.429583
0.253517 0.430883
0.253575 0.415789
0.24207 0.409456
0.238196 0.418913
0.233909 0.419242
0.229534 0.419368
0.224893 0.426309
0.240727 0.432343
0.235214 0.43619
0.228967 0.438778
0.220625 0.436562
0.213281 0.442187
0.206331 0.438202
0.207214 0.42119
0.2145 0.426078
0.2195 0.416666
0.223944 0.407222
0.213737 0.406228
0.20646 0.401339
0.219214 0.397619
0.228022 0.399927
0.232433 0.399889
0.237462 0.400641
0.242121 0.391129
0.235948 0.383621
0.23 0.378922
0.2247 0.386111
0.219107 0.382262
0.21195 0.386417
End
