1280 1014
0.00242325 0.524386
0.00437448 0.516129
0.00641147 0.507897
0.00182575 0.505848
0.00635101 0.499523
0.00197584 0.494334
0.00641246 0.490163
0.00314473 0.482698
0.00807119 0.476759
0.00227227 0.47214
0.00711476 0.469008
0.00244902 0.461719
0.00775436 0.459768
0.0326888 0.459228
0.0374077 0.468963
0.0480734 0.465327
0.0568318 0.459172
0.0450874 0.453811
0.0534301 0.437283
0.0451551 0.4437
0.0361407 0.447204
0.00419336 0.45311
0.00261707 0.446009
0.0082128 0.443899
0.00435712 0.438433
0.00232355 0.431907
0.00779265 0.430273
0.00252979 0.424183
0.00771357 0.421491
0.00236506 0.415885
0.0072707 0.412715
0.00317103 0.406521
0.00876326 0.400091
0.00277517 0.398193
0.00438727 0.390629
0.00381098 0.382589
0.0131934 0.381104
0.0045687 0.374114
0.0039587 0.365798
0.0142759 0.364224
0.00811744 0.358273
0.00240612 0.356476
0.00549698 0.348493
0.00250506 0.3408
0.00223102 0.330091
0.00192607 0.316115
0.00173393 0.302556
0.00375227 0.279954
0.00209934 0.267821
0.0214553 0.299435
0.0348913 0.31409
0.058804 0.330053
0.0328332 0.338784
0.0306823 0.367237
0.0380487 0.379593
0.0739321 0.407253
0.0887015 0.385981
0.110604 0.414249
0.122178 0.442551
0.119253 0.450509
0.127313 0.445949
0.132187 0.446925
0.136677 0.447205
0.138988 0.437049
0.144246 0.438604
0.144329 0.450258
0.150525 0.449099
0.15563 0.452212
0.163311 0.453614
0.159671 0.443146
0.158275 0.426352
0.170641 0.435183
0.180629 0.436338
0.176471 0.428088
0.184095 0.423776
0.178975 0.417295
0.169384 0.419914
0.16584 0.409067
0.167098 0.398403
0.153862 0.398436
0.159222 0.384291
0.153692 0.371261
0.152719 0.353826
0.116936 0.346953
0.147153 0.333656
0.152661 0.286644
0.134593 0.291685
0.120131 0.289339
0.0963033 0.253481
0.0855643 0.280056
0.0704324 0.294119
0.0745516 0.272671
0.0632414 0.27251
0.0662864 0.259397
0.0567676 0.255119
0.0590734 0.238692
0.0480175 0.236219
0.0432867 0.225244
0.037621 0.218102
0.0330484 0.207855
0.0320711 0.197175
0.0203252 0.198474
0.00297173 0.226189
0.00804838 0.182567
0.0241383 0.17755
0.00946465 0.143191
0.00931748 0.12308
0.026086 0.00880658
0.0899032 0.00654637
0.0903367 0.0225025
0.098121 0.0250543
0.102343 0.02719
0.105495 0.0213708
0.111977 0.0170229
0.120234 0.0136253
0.129794 0.0211815
0.127157 0.0309046
0.119847 0.0273383
0.11467 0.0270224
0.11033 0.0284096
0.105924 0.0296023
0.106516 0.0357426
0.111765 0.0348099
0.116186 0.0327444
0.120458 0.0350285
0.115975 0.0395303
0.116036 0.0449063
0.121439 0.0422289
0.129985 0.0394051
0.140515 0.0411227
0.134121 0.0529129
0.123403 0.0510191
0.119347 0.0482177
0.113884 0.0510881
0.108343 0.0490481
0.111245 0.0457859
0.110522 0.0405117
0.106861 0.0429891
0.102853 0.0400272
0.0999536 0.0352139
0.0961144 0.0302098
0.0916422 0.0337628
0.0846749 0.0363013
0.0940662 0.0390469
0.0905687 0.0427221
0.0935795 0.0469764
0.0984884 0.0435451
0.103822 0.0465266
0.105164 0.0524052
0.10009 0.049994
0.0954136 0.0522558
0.0900778 0.0518631
0.079833 0.0596582
0.0877658 0.0608164
0.0954805 0.0576731
0.100763 0.056321
0.105514 0.0584206
0.10953 0.0559142
0.113959 0.0576984
0.118776 0.0548203
0.12353 0.0597208
0.118891 0.0621036
0.114921 0.0643361
0.109738 0.0640853
0.104723 0.0644693
0.100648 0.0618361
0.0964214 0.0663782
0.102547 0.073817
0.118704 0.0744162
0.126316 0.0712351
0.132577 0.080574
0.188223 0.0962544
0.189064 0.103305
0.188024 0.109521
0.187151 0.116318
0.186857 0.122513
0.186423 0.128821
0.185886 0.136317
0.187488 0.145534
0.187213 0.153737
0.185395 0.162591
0.195327 0.160322
0.198074 0.146256
0.196665 0.138641
0.201754 0.134465
0.196522 0.128991
0.202013 0.125613
0.198885 0.117628
0.203844 0.114874
0.200768 0.108017
0.201205 0.0987654
0.19322 0.0969415
0.191676 0.0887029
0.201459 0.0861683
0.193373 0.0808838
0.196594 0.0709056
0.226984 0.0390495
0.225342 0.0339639
0.227919 0.0288075
0.232393 0.0235813
0.235394 0.0302778
0.23231 0.0319536
0.229086 0.0336946
0.23111 0.0375481
0.230462 0.0417353
0.234967 0.0430138
0.23462 0.0391233
0.236782 0.03595
0.239981 0.0325693
0.322677 0.0329038
0.324075 0.0453355
0.326743 0.0574984
0.335262 0.0722662
0.34554 0.074192
0.359101 0.0631464
0.352615 0.0555318
0.359157 0.0510656
0.362209 0.0352706
0.351147 0.0378606
0.347551 0.0338089
0.344983 0.0372247
0.34649 0.0421105
0.350664 0.0445349
0.346584 0.0486533
0.340891 0.0521903
0.338355 0.0461927
0.34277 0.045885
0.341173 0.0400268
0.341743 0.033291
0.334425 0.0335262
0.33242 0.0254646
0.325661 0.0231711
0.322915 0.0179259
0.334866 0.0120963
0.34556 0.0076447
0.351602 0.00774752
0.351916 0.0208435
0.362326 0.0168931
0.370449 0.0206233
0.389869 0.000955282
0.405884 0.0419483
0.411306 0.0469053
0.407381 0.0532039
0.397721 0.0485788
0.39581 0.0580427
0.39689 0.0671751
0.402076 0.0662825
0.40711 0.0664119
0.410762 0.0651005
0.406201 0.0611927
0.41343 0.0581562
0.416744 0.054781
0.419473 0.0629977
0.421372 0.0705118
0.415846 0.0690235
0.411965 0.0699365
0.40836 0.0720922
0.40354 0.0755306
0.394573 0.0769663
0.402273 0.0838314
0.411059 0.0856887
0.415525 0.0844258
0.41217 0.0780886
0.417416 0.077725
0.424771 0.0815469
0.427271 0.0743627
0.431061 0.0667046
0.427947 0.0588916
0.423829 0.0518181
0.418475 0.0420446
0.452678 0.00147065
0.463106 0.0251276
0.486858 0.019118
0.482068 0.0011296
0.511161 0.002279
0.549578 0.00588645
0.617721 0.00119528
0.66491 0.00152318
0.626796 0.0410376
0.612052 0.0566468
0.604222 0.0604697
0.608519 0.0672126
0.604151 0.0713489
0.599286 0.0674987
0.592451 0.0634564
0.587765 0.0710416
0.594676 0.0757539
0.599566 0.0763247
0.603421 0.078281
0.608217 0.0756649
0.613549 0.0768586
0.616991 0.0808472
0.61904 0.0770465
0.625888 0.0766286
0.622431 0.0724233
0.617958 0.0666741
0.627713 0.0636546
0.629318 0.0707697
0.640087 0.0711891
0.644692 0.0791988
0.646968 0.0868633
0.650727 0.100548
0.657496 0.111929
0.643862 0.111053
0.6447 0.128553
0.616215 0.138307
0.613615 0.122838
0.605016 0.119506
0.598591 0.109206
0.600151 0.100255
0.596711 0.096132
0.602379 0.0953705
0.606619 0.101855
0.609078 0.109798
0.615331 0.110558
0.621933 0.112132
0.631857 0.113568
0.636612 0.103136
0.633309 0.0974196
0.63537 0.0909777
0.634297 0.0816826
0.627071 0.0822107
0.626792 0.0874457
0.626963 0.09352
0.621958 0.0934058
0.622719 0.0982554
0.619445 0.101293
0.614888 0.104978
0.614497 0.0988744
0.611239 0.0954451
0.61319 0.0903707
0.61651 0.0922016
0.61905 0.0867865
0.613515 0.084988
0.609379 0.0826606
0.609385 0.0871855
0.60861 0.0917272
0.604045 0.0896271
0.604543 0.0841966
0.598252 0.0827014
0.597769 0.089127
0.591344 0.089033
0.586466 0.0851611
0.590772 0.0824395
0.586425 0.0778693
0.580956 0.0730628
0.579972 0.082277
0.578908 0.0954711
0.585313 0.100538
0.592427 0.102601
0.589403 0.107802
0.58786 0.117103
0.581968 0.128007
0.515823 0.160467
0.46085 0.146977
0.441197 0.179715
0.461707 0.20237
0.479304 0.205038
0.473719 0.219081
0.45959 0.21497
0.444822 0.206765
0.429675 0.199277
0.432767 0.185745
0.424687 0.180223
0.422867 0.189484
0.413962 0.187767
0.417667 0.199057
0.40917 0.200158
0.401814 0.199063
0.39613 0.203428
0.38673 0.203999
0.389756 0.225665
0.402109 0.222278
0.397965 0.241631
0.375222 0.237078
0.361509 0.240481
0.327631 0.233239
0.312582 0.248819
0.306266 0.262274
0.294169 0.264353
0.280844 0.287769
0.257876 0.204608
0.261809 0.197401
0.253446 0.196885
0.250022 0.198697
0.244515 0.202115
0.238993 0.204974
0.243173 0.209136
0.235374 0.212895
0.228946 0.207003
0.233031 0.206373
0.23497 0.201797
0.228644 0.201338
0.223166 0.19864
0.224209 0.20424
0.218866 0.205985
0.213803 0.201507
0.218774 0.196317
0.216085 0.191166
0.212767 0.194626
0.20919 0.196863
0.208756 0.189858
0.204416 0.185882
0.206499 0.179745
0.212394 0.181705
0.21459 0.185648
0.219753 0.185568
0.217907 0.179783
0.216869 0.173505
0.213424 0.169281
0.219503 0.168892
0.217722 0.164567
0.223502 0.16213
0.228592 0.159426
0.235732 0.161199
0.240559 0.161078
0.238516 0.165715
0.234316 0.167827
0.231888 0.163885
0.228296 0.167819
0.231002 0.172316
0.226555 0.173421
0.228139 0.178306
0.223941 0.179802
0.226805 0.184683
0.224775 0.190129
0.227976 0.194545
0.232047 0.196204
0.236361 0.194452
0.241061 0.19239
0.244829 0.191865
0.248052 0.188468
0.244209 0.186451
0.240568 0.186482
0.237627 0.189391
0.234068 0.189831
0.22965 0.190274
0.231147 0.186429
0.230749 0.182286
0.234884 0.183693
0.23847 0.183166
0.242595 0.180977
0.247381 0.182597
0.249558 0.17849
0.245919 0.176562
0.242296 0.175472
0.239132 0.175379
0.237147 0.178552
0.232819 0.178437
0.234339 0.174666
0.236723 0.171544
0.240724 0.169642
0.244705 0.170589
0.248421 0.172381
0.251885 0.173178
0.256284 0.173386
0.254555 0.180008
0.252644 0.185362
0.25248 0.191016
0.256825 0.191168
0.260852 0.189884
0.262398 0.18381
0.263842 0.177731
0.261334 0.170488
0.263701 0.164507
0.258042 0.163935
0.253347 0.166739
0.248471 0.166654
0.243736 0.165467
0.24554 0.161365
0.25086 0.159597
0.255804 0.158065
0.261256 0.157774
0.265816 0.153297
0.259433 0.151319
0.258302 0.143863
0.250005 0.151163
0.244689 0.14994
0.238413 0.147753
0.233512 0.151443
0.232657 0.144602
0.238896 0.140516
0.24413 0.141165
0.246546 0.135523
0.240135 0.134126
0.233948 0.13763
0.228786 0.134275
0.224827 0.137779
0.21932 0.137603
0.226626 0.146145
0.226191 0.151972
0.22089 0.14924
0.21385 0.148344
0.213472 0.156242
0.21044 0.161702
0.205367 0.159389
0.204814 0.164749
0.205639 0.171989
0.194324 0.175394
0.18495 0.1748
0.184412 0.182836
0.184356 0.193512
0.191994 0.196641
0.185317 0.208536
0.193186 0.215455
0.184944 0.22329
0.192825 0.22504
0.190728 0.237516
0.201955 0.256794
0.185571 0.260305
0.19554 0.27076
0.204195 0.269514
0.207135 0.27819
0.21525 0.280239
0.208734 0.28779
0.199128 0.283096
0.19194 0.281086
0.196194 0.291451
0.193189 0.299176
0.200656 0.304793
0.212986 0.29823
0.225232 0.305902
0.21423 0.311697
0.217184 0.322668
0.207482 0.323521
0.211216 0.334339
0.204783 0.343691
0.215235 0.347524
0.216726 0.356971
0.214824 0.364244
0.219665 0.372506
0.214066 0.379451
0.220083 0.388856
0.212643 0.394189
0.200343 0.394787
0.201212 0.38159
0.190908 0.380701
0.188345 0.37361
0.191605 0.368377
0.196366 0.373372
0.205089 0.36704
0.203335 0.355158
0.196395 0.362693
0.189857 0.362208
0.19177 0.35428
0.187027 0.354822
0.187028 0.346488
0.1923 0.343911
0.191077 0.335037
0.190753 0.32561
0.197302 0.32747
0.19626 0.317535
0.18936 0.315926
0.180347 0.320994
0.179406 0.337913
0.17909 0.347991
0.179287 0.357773
0.179551 0.368009
0.179604 0.377918
0.177508 0.388555
0.190966 0.38861
0.188776 0.396774
0.181738 0.403724
0.192091 0.405014
0.191439 0.412735
0.193848 0.41978
0.196324 0.426199
0.191067 0.429031
0.196651 0.433602
0.192692 0.437578
0.197375 0.442466
0.207005 0.439148
0.206925 0.429353
0.205197 0.420236
0.202663 0.410939
0.212368 0.404365
0.217394 0.404306
0.213987 0.414151
0.219393 0.420638
0.214878 0.427339
0.21598 0.435362
0.213034 0.445202
0.225063 0.443965
0.238615 0.44485
0.235278 0.436454
0.235238 0.428045
0.277141 0.400718
0.276969 0.363018
0.298493 0.33205
0.313381 0.326593
0.312548 0.335485
0.31955 0.340227
0.32528 0.342165
0.317907 0.354805
0.330041 0.3537
0.347832 0.354838
0.339477 0.340493
0.331419 0.34204
0.336292 0.334759
0.346175 0.332609
0.338842 0.32481
0.331316 0.327657
0.328066 0.332869
0.323757 0.332727
0.322991 0.325783
0.327513 0.323239
0.323609 0.317347
0.317044 0.316973
0.309074 0.310696
0.317441 0.304866
0.332698 0.299079
0.32711 0.309807
0.331536 0.315356
0.34164 0.313251
0.349402 0.320834
0.389161 0.301491
0.423138 0.327199
0.444378 0.291324
0.446796 0.318565
0.471982 0.355693
0.565395 0.345316
0.544966 0.251959
0.662781 0.240645
0.670785 0.226527
0.672047 0.215799
0.678366 0.203424
0.684601 0.190381
0.697155 0.189216
0.689653 0.200173
0.694259 0.208872
0.687352 0.207641
0.682095 0.213098
0.687461 0.216895
0.685202 0.224651
0.68943 0.23386
0.679098 0.23359
0.682912 0.243928
0.675359 0.243986
0.676288 0.250743
0.678674 0.256594
0.68158 0.262787
0.689212 0.259589
0.695992 0.263422
0.70864 0.262948
0.701171 0.249664
0.69739 0.244018
0.704217 0.242701
0.709046 0.245322
0.713886 0.240044
0.708486 0.236583
0.712214 0.232431
0.711365 0.225637
0.70618 0.22956
0.703513 0.234153
0.700044 0.237877
0.697269 0.233153
0.698375 0.228181
0.697345 0.222133
0.702953 0.222281
0.709645 0.210239
0.718458 0.213561
0.721356 0.197451
0.733207 0.215304
0.723481 0.226914
0.726698 0.245484
0.738547 0.254898
0.807655 0.256767
0.820687 0.297258
0.844111 0.295256
0.853093 0.296399
0.862976 0.302401
0.866484 0.288312
0.860027 0.283117
0.849986 0.281116
0.85574 0.276407
0.84849 0.269064
0.853937 0.260507
0.846269 0.257126
0.835464 0.257371
0.838825 0.245039
0.846159 0.242906
0.850802 0.248543
0.855211 0.253547
0.85946 0.258319
0.859962 0.266284
0.864969 0.26449
0.870293 0.269103
0.866746 0.27436
0.874906 0.274333
0.879947 0.277403
0.874906 0.283872
0.884231 0.281973
0.889889 0.285512
0.894719 0.292703
0.902216 0.305203
0.90504 0.293509
0.912643 0.291103
0.92236 0.290713
0.927343 0.306793
0.937159 0.290489
0.953568 0.285312
0.941444 0.273425
0.93388 0.277885
0.927537 0.270408
0.92328 0.276015
0.915067 0.279921
0.906127 0.282119
0.898804 0.283766
0.895302 0.277202
0.902741 0.274947
0.909411 0.272457
0.916339 0.271402
0.920588 0.265743
0.914279 0.26502
0.908903 0.264267
0.903992 0.266505
0.899227 0.269775
0.895128 0.268396
0.890695 0.268018
0.886328 0.266517
0.881834 0.266317
0.876182 0.265708
0.878868 0.259377
0.883786 0.259408
0.889017 0.260953
0.893951 0.26165
0.899815 0.260972
0.906081 0.258152
0.908493 0.251815
0.911583 0.245786
0.916344 0.243987
0.919774 0.241956
0.924182 0.242444
0.928692 0.241846
0.932361 0.242689
0.933127 0.238082
0.936444 0.239618
0.937224 0.2359
0.940859 0.234867
0.944384 0.236379
0.945595 0.232159
0.950815 0.235018
0.956678 0.236888
0.956614 0.245888
0.950671 0.242557
0.944122 0.245164
0.940699 0.24111
0.936774 0.246018
0.930587 0.249086
0.925833 0.252711
0.920695 0.249335
0.915113 0.251539
0.913534 0.257982
0.920178 0.257002
0.925925 0.261847
0.931839 0.258412
0.932845 0.266497
0.938327 0.262657
0.938317 0.254166
0.943603 0.258257
0.947713 0.25287
0.953052 0.255295
0.947897 0.264533
0.953226 0.26944
0.961106 0.27036
0.964045 0.26116
0.960654 0.2564
0.965748 0.251311
0.971348 0.254424
0.971434 0.246031
0.97709 0.245884
0.981666 0.239682
0.986292 0.230984
0.977027 0.22879
0.970051 0.228943
0.970702 0.2213
0.964369 0.224451
0.961433 0.230578
0.955689 0.226945
0.949247 0.223563
0.948875 0.228423
0.944743 0.22711
0.944393 0.222738
0.94578 0.218718
0.944045 0.21468
0.941181 0.211641
0.938839 0.208566
0.935418 0.211079
0.936403 0.215483
0.940025 0.215355
0.941066 0.219067
0.939898 0.22286
0.93626 0.220348
0.932808 0.220452
0.929226 0.220531
0.924685 0.219098
0.925317 0.223222
0.927766 0.225369
0.930014 0.2264
0.932717 0.225119
0.936303 0.225058
0.939929 0.226946
0.941984 0.230546
0.937904 0.23161
0.935263 0.228867
0.931253 0.230159
0.933822 0.233378
0.930069 0.235639
0.926566 0.237573
0.9238 0.234277
0.92743 0.23194
0.924907 0.228951
0.921437 0.227363
0.917484 0.228211
0.913927 0.228525
0.913441 0.224258
0.90936 0.225545
0.905337 0.227281
0.906197 0.231575
0.903048 0.231395
0.899809 0.23158
0.899606 0.235729
0.895963 0.236257
0.89241 0.234243
0.892861 0.238586
0.8893 0.239287
0.88883 0.234195
0.885482 0.236882
0.88225 0.234586
0.881193 0.230184
0.88546 0.230846
0.889484 0.229644
0.892785 0.228744
0.895753 0.231179
0.898335 0.227937
0.895004 0.224369
0.898731 0.223835
0.901874 0.225923
0.905079 0.222828
0.902647 0.219866
0.899336 0.219564
0.896584 0.218957
0.893509 0.218866
0.889939 0.220205
0.89099 0.224252
0.887345 0.22634
0.88602 0.222067
0.887805 0.21725
0.884698 0.214367
0.882065 0.211859
0.879719 0.208449
0.876419 0.208393
0.875228 0.204167
0.87666 0.200288
0.879779 0.203601
0.881629 0.199136
0.884929 0.201342
0.883242 0.206309
0.887388 0.205442
0.886243 0.209382
0.888292 0.21238
0.891225 0.214945
0.894554 0.213387
0.89773 0.214387
0.901164 0.214656
0.90525 0.215717
0.908424 0.216635
0.908251 0.221
0.912444 0.220116
0.912077 0.21599
0.916412 0.215957
0.916986 0.220063
0.917816 0.223862
0.921508 0.222139
0.920621 0.216797
0.924193 0.21454
0.928096 0.21592
0.932546 0.215489
0.93057 0.211735
0.925913 0.210348
0.920927 0.211009
0.916497 0.211785
0.912063 0.211194
0.908404 0.211307
0.904002 0.211347
0.89898 0.210059
0.895181 0.208671
0.891189 0.20957
0.892394 0.205464
0.889442 0.202458
0.892469 0.201195
0.895703 0.199897
0.896477 0.204271
0.899755 0.205572
0.902928 0.206812
0.906668 0.207022
0.911639 0.205281
0.915714 0.206969
0.920107 0.204735
0.917179 0.199561
0.923045 0.199423
0.924958 0.204985
0.929415 0.207168
0.933149 0.205274
0.928563 0.200714
0.933304 0.199036
0.937708 0.20172
0.942356 0.204393
0.943908 0.208556
0.947676 0.205767
0.95129 0.203956
0.948954 0.200676
0.945011 0.200568
0.941374 0.197035
0.936921 0.194247
0.93284 0.189876
0.930232 0.194684
0.92561 0.193306
0.920813 0.192862
0.9151 0.192704
0.910601 0.188815
0.915894 0.18542
0.922021 0.186966
0.927906 0.186882
0.925472 0.181068
0.919994 0.180178
0.914492 0.177804
0.909174 0.180381
0.90397 0.179589
0.899438 0.176599
0.894676 0.176434
0.894641 0.17052
0.891584 0.165102
0.886771 0.162658
0.885622 0.167829
0.889128 0.172539
0.8844 0.17254
0.880595 0.170243
0.878057 0.167032
0.882008 0.164273
0.878084 0.1622
0.873648 0.16306
0.870182 0.161562
0.866848 0.160738
0.863289 0.164598
0.859615 0.167634
0.854712 0.165855
0.857375 0.16269
0.856443 0.157912
0.860606 0.16097
0.863775 0.158939
0.864221 0.15453
0.8604 0.154394
0.855784 0.151486
0.850036 0.147178
0.854703 0.143747
0.858502 0.138826
0.862997 0.142979
0.859391 0.146974
0.862983 0.149349
0.86614 0.14634
0.869045 0.145605
0.872446 0.144076
0.876426 0.143357
0.875189 0.147698
0.879646 0.147669
0.884367 0.148424
0.888594 0.146996
0.893733 0.150137
0.888895 0.152364
0.884478 0.153428
0.879651 0.152046
0.875323 0.152251
0.871259 0.150144
0.866988 0.151337
0.868591 0.155822
0.872081 0.155813
0.87497 0.15817
0.878053 0.15675
0.88129 0.156596
0.883455 0.15965
0.887116 0.15712
0.892696 0.157766
0.897645 0.15744
0.897335 0.163729
0.900359 0.168964
0.905515 0.172696
0.910951 0.170927
0.915559 0.170613
0.920236 0.172573
0.924129 0.174547
0.929834 0.176168
0.93458 0.17556
0.937975 0.180016
0.932913 0.182506
0.937588 0.186779
0.942323 0.184227
0.942017 0.19028
0.945501 0.193227
0.948892 0.195376
0.953135 0.198385
0.956985 0.196538
0.959041 0.192429
0.95657 0.188845
0.953389 0.192191
0.94879 0.187808
0.946994 0.180951
0.950529 0.17501
0.956076 0.170896
0.95144 0.16654
0.946076 0.167461
0.942187 0.174827
0.939487 0.169582
0.933919 0.169133
0.928231 0.169924
0.929426 0.163921
0.928156 0.157013
0.921598 0.152733
0.927565 0.149734
0.933016 0.149736
0.93633 0.155089
0.933899 0.161427
0.938744 0.162849
0.94367 0.157841
0.949967 0.156672
0.951258 0.148051
0.945236 0.149982
0.939403 0.147155
0.945533 0.14172
0.938965 0.139211
0.933538 0.142403
0.927601 0.142245
0.922321 0.144996
0.917109 0.147179
0.911591 0.150239
0.915333 0.154914
0.919655 0.159211
0.923758 0.164106
0.918878 0.165985
0.913517 0.162684
0.906672 0.164807
0.902804 0.16004
0.908924 0.157647
0.906046 0.15211
0.901034 0.153291
0.89912 0.148565
0.895634 0.14357
0.890736 0.142128
0.885879 0.143047
0.881475 0.143391
0.878863 0.139947
0.879916 0.135513
0.883949 0.134066
0.883599 0.138471
0.887994 0.13841
0.887887 0.134134
0.891511 0.135686
0.894281 0.137998
0.899331 0.137235
0.905528 0.139111
0.901673 0.143514
0.906635 0.145836
0.912346 0.143609
0.910856 0.137999
0.9171 0.139154
0.922975 0.137122
0.919224 0.132179
0.913384 0.131428
0.907936 0.132445
0.902958 0.132685
0.898692 0.12952
0.895486 0.132813
0.891567 0.130663
0.887764 0.129614
0.884004 0.130187
0.879884 0.130764
0.876068 0.132742
0.874475 0.137659
0.870797 0.140228
0.866569 0.139843
0.869733 0.135322
0.872061 0.130528
0.874665 0.126236
0.878058 0.12611
0.881208 0.126191
0.884499 0.125837
0.88718 0.124267
0.890676 0.126001
0.894995 0.127129
0.893144 0.122234
0.889172 0.120469
0.884886 0.119132
0.882093 0.121726
0.878113 0.120001
0.872962 0.119487
0.86717 0.118811
0.862296 0.116238
0.856507 0.117434
0.851601 0.12038
0.856138 0.124881
0.862441 0.124029
0.868719 0.124783
0.86648 0.130181
0.863223 0.135188
0.859664 0.130488
0.854412 0.133436
0.850221 0.127597
0.846104 0.133116
0.850704 0.13855
0.845824 0.140837
0.840784 0.139277
0.843412 0.146736
0.837608 0.146877
0.838585 0.153898
0.844774 0.152747
0.850592 0.155061
0.85011 0.162069
0.844193 0.159805
0.838179 0.161635
0.843717 0.167607
0.849078 0.168866
0.855033 0.170894
0.853002 0.17564
0.857818 0.174457
0.860912 0.177206
0.861367 0.171929
0.864483 0.169259
0.867749 0.166252
0.870914 0.167992
0.874464 0.167944
0.875677 0.17212
0.879808 0.175382
0.883238 0.177834
0.886916 0.17734
0.890723 0.178934
0.888643 0.182617
0.885257 0.183267
0.881884 0.182594
0.879382 0.186086
0.875483 0.187139
0.871251 0.187051
0.867775 0.191297
0.871515 0.191644
0.875895 0.19121
0.879931 0.190826
0.883309 0.188412
0.887151 0.188134
0.888816 0.192253
0.892433 0.191943
0.895735 0.189946
0.891481 0.18652
0.895521 0.18264
0.900125 0.185586
0.905306 0.187216
0.90153 0.192889
0.906851 0.194677
0.911855 0.198176
0.907692 0.20164
0.90343 0.201214
0.899843 0.199958
0.896939 0.195431
0.892579 0.196548
0.889009 0.198003
0.886257 0.195863
0.883428 0.193869
0.879679 0.195679
0.876412 0.19563
0.873036 0.196337
0.869194 0.196341
0.865097 0.196244
0.861473 0.196915
0.859429 0.200822
0.863723 0.20216
0.867589 0.201495
0.871734 0.200854
0.871771 0.205089
0.868377 0.206925
0.86483 0.207838
0.860473 0.205824
0.855105 0.205789
0.849721 0.206444
0.845632 0.211012
0.842007 0.205026
0.836133 0.20085
0.841844 0.196814
0.847479 0.200017
0.85381 0.199663
0.852714 0.193628
0.857897 0.194589
0.861037 0.191794
0.864416 0.190254
0.866619 0.185806
0.869647 0.182625
0.87258 0.179544
0.874353 0.183122
0.878347 0.181304
0.87634 0.177401
0.872759 0.175597
0.870669 0.172914
0.867165 0.172576
0.864332 0.175673
0.867923 0.178263
0.864337 0.18139
0.860749 0.181957
0.861413 0.186705
0.856771 0.188827
0.856761 0.18452
0.856867 0.179656
0.853121 0.18144
0.851085 0.187282
0.847418 0.192843
0.844294 0.187929
0.838535 0.189548
0.833911 0.192823
0.830146 0.197122
0.824234 0.193176
0.824301 0.1996
0.829771 0.204713
0.824046 0.206796
0.827977 0.211973
0.834998 0.208968
0.839685 0.211903
0.836155 0.217358
0.839543 0.223855
0.843354 0.217841
0.84984 0.215665
0.855314 0.212818
0.861297 0.211004
0.862098 0.216376
0.857354 0.220245
0.852664 0.221363
0.847355 0.223417
0.852673 0.228231
0.8593 0.229161
0.862404 0.223491
0.867091 0.219307
0.871052 0.22127
0.874506 0.224262
0.87761 0.22138
0.874949 0.217867
0.871209 0.215285
0.867857 0.21274
0.872024 0.209612
0.874823 0.212775
0.878351 0.213423
0.879837 0.217339
0.883821 0.218345
0.881482 0.222009
0.883312 0.225874
0.878839 0.225836
0.876539 0.229875
0.871934 0.228091
0.86706 0.227946
0.864364 0.233612
0.86772 0.239092
0.871783 0.23516
0.877337 0.237743
0.874058 0.242754
0.880455 0.244492
0.885523 0.247546
0.890918 0.248463
0.892922 0.243384
0.896156 0.241497
0.899659 0.240063
0.903824 0.240065
0.903254 0.235595
0.906571 0.2365
0.909072 0.233939
0.909315 0.229494
0.912248 0.232111
0.913698 0.235912
0.916815 0.233111
0.920436 0.232442
0.921242 0.23765
0.916899 0.238067
0.913387 0.241314
0.91072 0.237906
0.908567 0.24123
0.906815 0.245004
0.902756 0.244936
0.89889 0.245027
0.896358 0.249686
0.901495 0.252748
0.894769 0.25519
0.887962 0.254298
0.880687 0.252452
0.874735 0.250116
0.874387 0.25711
0.869341 0.254782
0.864131 0.251182
0.869398 0.246696
0.864246 0.243958
0.859027 0.247083
0.854067 0.241627
0.860224 0.238663
0.855116 0.234471
0.848318 0.23531
0.84399 0.229599
0.836884 0.234856
0.828347 0.239768
0.820506 0.232115
0.82884 0.229516
0.824008 0.22275
0.819126 0.218013
0.815242 0.209528
0.804881 0.21919
0.795974 0.205559
0.80801 0.203851
0.814677 0.198087
0.809612 0.186964
0.801607 0.177621
0.809098 0.167836
0.819446 0.16402
0.821378 0.171878
0.828749 0.171797
0.833353 0.176749
0.826621 0.179225
0.819875 0.179301
0.821245 0.186377
0.82793 0.187683
0.832691 0.18487
0.837118 0.181275
0.842586 0.181551
0.84804 0.181539
0.8474 0.175308
0.841194 0.17488
0.836193 0.170025
0.833015 0.164696
0.827412 0.164332
0.825545 0.156763
0.832979 0.15724
0.831548 0.15084
0.829816 0.143825
0.823393 0.14919
0.816028 0.155245
0.805143 0.152008
0.812396 0.142704
0.822649 0.140761
0.818167 0.130317
0.806846 0.126997
0.795889 0.117428
0.817948 0.117315
0.825295 0.112774
0.832868 0.114701
0.837485 0.118584
0.833434 0.12361
0.827992 0.127015
0.827123 0.135234
0.834222 0.137802
0.837943 0.131603
0.840417 0.125725
0.843565 0.119609
0.846414 0.113587
0.840589 0.110273
0.847608 0.106945
0.853363 0.109866
0.858641 0.110816
0.863114 0.106438
0.866821 0.1113
0.872285 0.111425
0.877333 0.114372
0.881792 0.111661
0.886073 0.108368
0.883304 0.103375
0.879672 0.0984628
0.873711 0.0997686
0.877412 0.106225
0.870741 0.105088
0.867012 0.100512
0.861064 0.0997371
0.856726 0.103462
0.851408 0.101542
0.856573 0.094973
0.862838 0.0932469
0.868434 0.0935776
0.873772 0.093118
0.879313 0.0923782
0.884487 0.0923766
0.890453 0.0924765
0.894863 0.0893634
0.899739 0.0885759
0.904007 0.0933432
0.898958 0.0963598
0.893778 0.0977112
0.887446 0.0982408
0.890402 0.103772
0.896249 0.103814
0.902998 0.101533
0.909758 0.101129
0.908984 0.095812
0.908669 0.0892731
0.914292 0.0910761
0.919792 0.0877399
0.923105 0.0920482
0.928323 0.0921978
0.934685 0.0920189
0.931176 0.0987483
0.937663 0.0990987
0.942989 0.0950473
0.949845 0.0985085
0.950085 0.0892236
0.943808 0.0865828
0.9372 0.0843405
0.930111 0.0844353
0.925057 0.0824443
0.920073 0.0799132
0.91566 0.0830446
0.910562 0.0832718
0.904497 0.0847112
0.899104 0.0814289
0.892877 0.082134
0.888065 0.086534
0.881945 0.0856807
0.874667 0.0851308
0.868618 0.0856936
0.862747 0.08544
0.855672 0.0820567
0.85009 0.0875944
0.845779 0.0930813
0.841947 0.0989092
0.835851 0.103928
0.826931 0.0993892
0.835285 0.0932881
0.838184 0.0800951
0.828939 0.0859374
0.816169 0.0883109
0.824005 0.0746429
0.78335 0.00141009
0.84724 0.00353338
0.874188 0.0497272
0.88642 0.0454939
0.899632 0.0446358
0.909248 0.0430044
0.918387 0.0420712
0.924653 0.0482545
0.931856 0.0433279
0.942054 0.0484775
0.950916 0.0530143
0.960977 0.0412605
0.987637 0.00285945
0.996593 0.00391294
0.994191 0.0106852
0.997589 0.0175846
0.991774 0.0194773
0.993679 0.0282325
0.998044 0.0270751
0.996385 0.0357657
0.993951 0.0429702
0.997731 0.0467027
0.992825 0.0530466
0.997648 0.0566317
0.993995 0.0629412
0.997565 0.0670604
0.990879 0.0712943
0.996539 0.0747358
0.997149 0.0821782
0.991229 0.0801982
0.986672 0.0851176
0.983533 0.0796055
0.97724 0.0785248
0.965927 0.0721476
0.957479 0.0703908
0.951025 0.0654585
0.945347 0.0697739
0.943041 0.0622999
0.936954 0.0575077
0.929127 0.0557409
0.926109 0.0651491
0.919916 0.0640158
0.915048 0.0570162
0.908171 0.0586819
0.901126 0.058822
0.901121 0.0654749
0.894272 0.0658077
0.894034 0.057774
0.887264 0.0613913
0.883851 0.0663546
0.87855 0.0615355
0.876966 0.0689607
0.87105 0.0667799
0.858754 0.0618011
0.848491 0.0696817
0.863915 0.0734538
0.871157 0.0782911
0.877583 0.0801867
0.881238 0.0758295
0.885781 0.0783554
0.890161 0.0732863
0.896523 0.0749012
0.901516 0.0730336
0.904991 0.0778747
0.911192 0.0764102
0.907048 0.0706307
0.912307 0.0683691
0.916577 0.0732455
0.922894 0.0732294
0.928489 0.0727735
0.932161 0.0671638
0.939119 0.0696391
0.935447 0.0744859
0.942488 0.0761212
0.949206 0.0787198
0.955354 0.0811418
0.963089 0.0813695
0.959434 0.0878765
0.956761 0.0947905
0.963667 0.094256
0.969547 0.094934
0.980911 0.0977734
0.99197 0.0895612
0.997277 0.0900251
0.995695 0.0983583
0.996699 0.107128
0.996849 0.115471
0.995929 0.124318
0.996247 0.132032
0.996212 0.140602
0.996449 0.149696
0.990073 0.155182
0.996498 0.15995
0.989689 0.166095
0.996624 0.169423
0.991483 0.175254
0.996758 0.179169
0.991615 0.185277
0.997111 0.187727
0.995752 0.195157
0.987799 0.19377
0.979751 0.192411
0.974281 0.189112
0.979921 0.182541
0.974009 0.17891
0.976123 0.16912
0.973692 0.160309
0.981263 0.158343
0.982445 0.144384
0.972986 0.151163
0.965931 0.151395
0.969997 0.143011
0.965383 0.134219
0.958556 0.126094
0.961621 0.118596
0.970777 0.119574
0.979726 0.129475
0.990896 0.118199
0.985311 0.10972
0.973682 0.105023
0.964488 0.107184
0.956906 0.104546
0.956575 0.114029
0.951379 0.114134
0.944067 0.112797
0.948932 0.107701
0.942303 0.10493
0.937109 0.11106
0.933278 0.106397
0.927416 0.104286
0.923123 0.0991852
0.916641 0.0971091
0.91674 0.103296
0.921381 0.106703
0.918371 0.109747
0.914733 0.108771
0.911521 0.106806
0.90716 0.107492
0.904218 0.110857
0.900375 0.110547
0.896578 0.11253
0.892461 0.1115
0.887597 0.11525
0.891603 0.116426
0.895359 0.117711
0.899477 0.116211
0.903729 0.11595
0.908213 0.112615
0.911891 0.112415
0.915512 0.113948
0.921001 0.113819
0.92473 0.110504
0.929763 0.11249
0.926149 0.115383
0.922727 0.119091
0.918128 0.117551
0.914612 0.119002
0.911325 0.117516
0.908065 0.118673
0.905221 0.121194
0.901197 0.120764
0.897636 0.12295
0.901687 0.125819
0.905377 0.125818
0.90897 0.125625
0.911883 0.122815
0.916919 0.125398
0.922484 0.125844
0.92662 0.130412
0.93057 0.135703
0.936368 0.132174
0.932745 0.126771
0.928466 0.122655
0.933655 0.118181
0.939579 0.116632
0.943543 0.11948
0.939113 0.124454
0.944726 0.126971
0.942646 0.134095
0.949647 0.133461
0.954196 0.140655
0.959074 0.147186
0.959428 0.155516
0.96421 0.160784
0.957851 0.164455
0.96406 0.170684
0.958631 0.178161
0.954657 0.182529
0.958541 0.184592
0.966587 0.182162
0.96666 0.190245
0.964988 0.197785
0.958582 0.200981
0.955595 0.203366
0.953521 0.207155
0.956166 0.209342
0.951302 0.210481
0.947141 0.210689
0.948735 0.21481
0.950162 0.218975
0.953528 0.220717
0.953904 0.215086
0.960647 0.214731
0.963825 0.206919
0.96923 0.203507
0.973956 0.198968
0.974142 0.212988
0.979113 0.217818
0.984378 0.209483
0.991188 0.202944
0.997485 0.203441
0.996077 0.212154
0.996969 0.220311
0.991076 0.222944
0.996702 0.22944
0.997079 0.238429
0.996857 0.249219
0.997306 0.259491
0.991042 0.257296
0.98098 0.26678
0.997226 0.269045
0.997023 0.278692
0.991029 0.283796
0.997408 0.287986
0.996197 0.298315
0.997673 0.307064
0.997302 0.316019
0.997743 0.325134
0.992843 0.326607
0.997208 0.335216
0.997668 0.345126
0.997394 0.355186
0.996311 0.364512
0.988058 0.36655
0.978478 0.369468
0.983536 0.379255
0.977015 0.384028
0.970189 0.387489
0.96311 0.388758
0.957557 0.394171
0.944351 0.387973
0.950214 0.39674
0.954275 0.400234
0.947669 0.403927
0.942463 0.408794
0.935238 0.405229
0.92609 0.413863
0.935103 0.415937
0.940422 0.422978
0.947316 0.417707
0.954312 0.411492
0.963066 0.40725
0.96911 0.400038
0.979499 0.398383
0.987678 0.392782
0.990256 0.383708
0.990453 0.375706
0.997372 0.377727
0.996469 0.38737
0.996815 0.396188
0.996503 0.406714
0.986554 0.408855
0.996647 0.417059
0.996665 0.424861
0.986591 0.424661
0.977857 0.416197
0.967306 0.423592
0.957965 0.427359
0.94578 0.43264
0.952501 0.441196
0.964754 0.442328
0.976665 0.436183
0.986749 0.441054
0.991104 0.435433
0.997414 0.433458
0.996711 0.442327
0.995584 0.450135
0.99515 0.457271
0.983855 0.455886
0.98723 0.466707
0.996818 0.464777
0.997327 0.475702
0.986017 0.480892
0.976797 0.472424
0.970207 0.463691
0.958279 0.454734
0.950845 0.4553
0.943156 0.451392
0.935112 0.459576
0.944598 0.464233
0.955499 0.473175
0.965813 0.483284
0.971636 0.496737
0.982871 0.498033
0.991197 0.490764
0.997584 0.488223
0.997563 0.499836
0.991604 0.503771
0.997492 0.511518
0.996453 0.525509
0.996768 0.540628
0.995831 0.556722
0.996458 0.599508
0.994939 0.659199
0.998342 0.715208
0.993035 0.720596
0.997218 0.725994
0.997517 0.735804
0.997585 0.745088
0.991615 0.744531
0.9862 0.742686
0.990421 0.737938
0.98624 0.732618
0.978947 0.736232
0.971302 0.734322
0.97646 0.730633
0.981132 0.725266
0.974413 0.716939
0.967052 0.710912
0.961602 0.716964
0.955499 0.721707
0.962596 0.731806
0.955129 0.731704
0.948302 0.728327
0.942048 0.732158
0.9379 0.722207
0.930693 0.724223
0.931574 0.728604
0.926105 0.726506
0.924074 0.73122
0.919569 0.729207
0.919072 0.735098
0.922558 0.741404
0.93055 0.741465
0.924535 0.747314
0.932446 0.75255
0.940258 0.74842
0.949729 0.742389
0.9564 0.741539
0.964072 0.741348
0.959167 0.748074
0.967565 0.755545
0.973745 0.753269
0.977609 0.748222
0.981648 0.755301
0.989635 0.755382
0.997344 0.761297
0.993982 0.772098
0.988013 0.768443
0.983404 0.775063
0.988083 0.780692
0.994413 0.794715
0.974729 0.798763
0.957727 0.796177
0.969017 0.781081
0.970339 0.768063
0.961623 0.767529
0.95587 0.760219
0.946221 0.762381
0.948878 0.771388
0.94162 0.769577
0.936175 0.774091
0.935731 0.762592
0.927856 0.761134
0.919172 0.76376
0.924984 0.767813
0.927058 0.779499
0.914202 0.791778
0.908581 0.77988
0.910861 0.764229
0.903774 0.7627
0.896369 0.762584
0.886512 0.761394
0.886844 0.772512
0.876348 0.801143
0.851797 0.790124
0.853547 0.768934
0.844838 0.756217
0.851107 0.751935
0.852287 0.758097
0.858416 0.761773
0.865973 0.767649
0.875064 0.761366
0.881208 0.749429
0.891085 0.75199
0.897868 0.751071
0.901329 0.75536
0.907098 0.746926
0.914701 0.747645
0.914654 0.737326
0.89775 0.726776
0.881904 0.732215
0.868889 0.744912
0.859135 0.733474
0.83696 0.717152
0.830902 0.736191
0.829184 0.753309
0.820575 0.760084
0.820745 0.769425
0.818087 0.776615
0.813758 0.766223
0.804623 0.764628
0.795636 0.760216
0.786352 0.769525
0.772683 0.765968
0.766136 0.764985
0.757631 0.759716
0.75011 0.761513
0.744558 0.756989
0.760813 0.752876
0.766903 0.754081
0.774848 0.754735
0.783696 0.755255
0.787414 0.72131
0.771683 0.736408
0.747081 0.735367
0.72696 0.74487
0.70051 0.747124
0.686591 0.75502
0.677654 0.759326
0.664252 0.751616
0.669745 0.762927
0.668273 0.797123
0.6893 0.786042
0.695936 0.785653
0.701063 0.790801
0.706835 0.794246
0.712627 0.7944
0.719303 0.796747
0.732827 0.819959
0.731606 0.825822
0.72723 0.825142
0.730777 0.834352
0.738402 0.828314
0.735187 0.82533
0.740769 0.822903
0.75788 0.784693
0.784917 0.791341
0.809417 0.805457
0.840294 0.817965
0.834653 0.840545
0.820799 0.850587
0.801224 0.84492
0.807423 0.867533
0.816724 0.863825
0.826965 0.863826
0.841767 0.864379
0.833017 0.871613
0.830966 0.88123
0.823682 0.872034
0.81753 0.878316
0.812349 0.874855
0.805904 0.877264
0.797011 0.87111
0.793747 0.867855
0.788452 0.862221
0.787182 0.869333
0.791819 0.873953
0.794093 0.883512
0.790175 0.889911
0.771527 0.881371
0.768286 0.874738
0.766015 0.870795
0.766246 0.879463
0.764164 0.888665
0.755106 0.891426
0.758893 0.906839
0.748698 0.911681
0.753002 0.917327
0.762145 0.929144
0.775459 0.92041
0.791798 0.924948
0.791026 0.919264
0.806398 0.909303
0.813046 0.912877
0.815971 0.910877
0.819168 0.912901
0.822351 0.917888
0.82318 0.910882
0.831315 0.911268
0.850966 0.886114
0.863109 0.884095
0.872296 0.882195
0.861701 0.86411
0.863587 0.844407
0.862733 0.826576
0.881343 0.830508
0.913869 0.837017
0.941643 0.816134
0.961952 0.840118
0.980124 0.826461
0.997217 0.812509
0.995848 0.829812
0.998061 0.839215
0.996548 0.875045
0.990106 0.879108
0.9815 0.876446
0.971089 0.878474
0.9472 0.88631
0.93154 0.897216
0.924487 0.903933
0.911202 0.900065
0.910541 0.909425
0.901878 0.911352
0.893624 0.913035
0.890582 0.916224
0.887492 0.913073
0.882215 0.917495
0.887049 0.919231
0.887085 0.924722
0.89138 0.927446
0.891648 0.922143
0.896863 0.925825
0.908635 0.92822
0.917765 0.926229
0.925451 0.918561
0.929194 0.924315
0.935446 0.923589
0.933966 0.917413
0.939647 0.914744
0.94698 0.92219
0.957759 0.921555
0.970719 0.91543
0.984587 0.922929
0.996982 0.926099
0.997584 0.935949
0.997844 0.943346
0.998313 0.954492
0.988888 0.950111
0.990781 0.938086
0.985214 0.932656
0.979213 0.942039
0.973413 0.930018
0.968245 0.92625
0.963117 0.931188
0.961444 0.940432
0.958102 0.950814
0.969334 0.948393
0.969938 0.95776
0.976409 0.958518
0.973806 0.97113
0.983114 0.969207
0.991473 0.963816
0.998021 0.964838
0.99651 0.974553
0.987277 0.980538
0.997989 0.983443
0.99712 0.995093
0.990274 0.995522
0.982489 0.996317
0.974286 0.994506
0.977191 0.985047
0.964045 0.981589
0.955063 0.989999
0.946507 0.989985
0.937912 0.992239
0.931276 0.995883
0.940155 0.984492
0.944972 0.978855
0.951202 0.976357
0.957814 0.972215
0.960907 0.964316
0.953855 0.962319
0.945829 0.962591
0.937387 0.963766
0.930951 0.955513
0.937813 0.948319
0.945425 0.946044
0.952513 0.941108
0.95125 0.930733
0.945819 0.933714
0.941652 0.930768
0.940838 0.936963
0.937333 0.934029
0.933097 0.936675
0.927602 0.94375
0.921115 0.95107
0.918157 0.95804
0.903395 0.951069
0.913248 0.961043
0.910701 0.966897
0.918973 0.968112
0.926299 0.963122
0.92881 0.975067
0.923531 0.985289
0.915811 0.992588
0.913724 0.979185
0.897793 0.980024
0.89122 0.995561
0.883491 0.996704
0.857814 0.994231
0.838607 0.996087
0.828901 0.996676
0.819704 0.996383
0.808508 0.997792
0.798315 0.99164
0.789909 0.997682
0.781108 0.997366
0.769025 0.996097
0.760175 0.99861
0.752823 0.996569
0.736529 0.998373
0.719897 0.998714
0.720821 0.980158
0.734262 0.978935
0.754042 0.972781
0.774624 0.961017
0.789365 0.977965
0.818247 0.959166
0.785554 0.94802
0.76608 0.947369
0.749024 0.939483
0.736489 0.939137
0.740445 0.930973
0.743679 0.927031
0.732044 0.921265
0.727677 0.906281
0.735607 0.888493
0.733563 0.870876
0.720213 0.888166
0.708616 0.8842
0.698732 0.904026
0.696852 0.918819
0.693472 0.922181
0.695023 0.926947
0.700152 0.924993
0.705756 0.92945
0.714703 0.925974
0.709285 0.934046
0.712245 0.939726
0.71852 0.940985
0.730304 0.957602
0.710937 0.959407
0.701202 0.977598
0.689478 0.980157
0.703976 0.998174
0.690265 0.998962
0.67951 0.996294
0.670594 0.997552
0.665926 0.984389
0.661059 0.998198
0.652923 0.998321
0.642058 0.998007
0.647703 0.983519
0.638652 0.986223
0.635687 0.978528
0.62848 0.980567
0.632205 0.986305
0.62756 0.998716
0.615383 0.998558
0.609958 0.987932
0.605256 0.99782
0.595413 0.998123
0.587526 0.998563
0.579258 0.998574
0.567687 0.998911
0.556075 0.998945
0.545302 0.998793
0.532843 0.998962
0.520758 0.999003
0.509646 0.998984
0.500025 0.997464
0.490806 0.996384
0.4832 0.996647
0.475358 0.998673
0.467125 0.99876
0.459603 0.998625
0.453528 0.997189
0.448376 0.997651
0.444179 0.996874
0.439956 0.997245
0.434869 0.997501
0.429728 0.996793
0.424472 0.997385
0.419117 0.997302
0.413814 0.99764
0.408399 0.997644
0.402124 0.997515
0.39593 0.997116
0.390224 0.997472
0.384941 0.997434
0.378879 0.997856
0.373197 0.998472
0.367687 0.998234
0.361538 0.9984
0.35601 0.99746
0.350712 0.995172
0.346528 0.998217
0.340747 0.998533
0.335477 0.997751
0.330754 0.995272
0.325287 0.996782
0.319965 0.997504
0.314699 0.996807
0.309308 0.996302
0.303714 0.998348
0.29766 0.997719
0.291667 0.997696
0.286248 0.997506
0.280442 0.996371
0.273142 0.997834
0.26579 0.997576
0.25937 0.997853
0.253101 0.997165
0.246463 0.995
0.241459 0.996476
0.236347 0.996387
0.230735 0.99659
0.224542 0.995471
0.216182 0.994518
0.203755 0.997358
0.196262 0.996948
0.187894 0.997518
0.180916 0.99496
0.174974 0.988714
0.169255 0.988079
0.166279 0.992507
0.169997 0.99629
0.164184 0.996954
0.15787 0.996237
0.153809 0.992694
0.157047 0.988684
0.161629 0.991736
0.163476 0.984482
0.168685 0.979437
0.163514 0.978019
0.158687 0.978233
0.156741 0.970997
0.161826 0.971842
0.160298 0.965979
0.159786 0.958678
0.152381 0.965076
0.146086 0.961695
0.139254 0.961597
0.14313 0.968239
0.145947 0.976246
0.148964 0.98241
0.144628 0.984628
0.149817 0.989964
0.149164 0.997081
0.145326 0.991323
0.141864 0.994153
0.138032 0.995848
0.133877 0.996082
0.130004 0.994739
0.126216 0.994836
0.122677 0.997188
0.11854 0.996352
0.114215 0.996623
0.115421 0.990593
0.107391 0.993837
0.100841 0.989256
0.0926891 0.995189
0.085496 0.989286
0.0801588 0.98887
0.0816421 0.996074
0.0760187 0.995665
0.0701955 0.99708
0.0690396 0.991079
0.0634611 0.990459
0.064216 0.996891
0.058018 0.995684
0.0529908 0.994065
0.0474902 0.997007
0.0400324 0.996365
0.0337076 0.99563
0.0292895 0.991188
0.022859 0.990126
0.0271305 0.996279
0.0209717 0.997024
0.0152883 0.994707
0.00964694 0.994767
0.00345969 0.99669
0.00190002 0.990221
0.00512306 0.977343
0.00181675 0.967789
0.00373441 0.96142
0.0103745 0.963412
0.0180346 0.968138
0.027159 0.969912
0.0250028 0.981074
0.0374244 0.983689
0.0371278 0.975145
0.044254 0.976929
0.0458372 0.981658
0.0495924 0.98539
0.0505368 0.979735
0.0498149 0.975878
0.0474496 0.972305
0.0428415 0.972544
0.0411707 0.968442
0.0464031 0.968024
0.0514334 0.969289
0.054393 0.972638
0.0593162 0.973724
0.0557539 0.978995
0.0601934 0.983013
0.0657757 0.984432
0.0700496 0.9837
0.0730061 0.986965
0.0807183 0.981421
0.0786315 0.974639
0.0739537 0.971159
0.0687797 0.973099
0.0722307 0.978064
0.0678372 0.979175
0.0641859 0.97606
0.0640498 0.970944
0.0677832 0.967333
0.0716942 0.962921
0.0765137 0.962751
0.0821952 0.965436
0.0867275 0.966164
0.0878965 0.974147
0.0883341 0.982688
0.0956288 0.983965
0.0986443 0.977932
0.0974207 0.967183
0.0958426 0.961272
0.0914168 0.959703
0.0938729 0.955768
0.0920031 0.94964
0.0875517 0.953615
0.0852938 0.959505
0.0798353 0.954527
0.0762472 0.950348
0.0784268 0.943593
0.0797307 0.937305
0.0813716 0.930987
0.0812643 0.924769
0.0840274 0.919086
0.0876318 0.914047
0.0910394 0.911937
0.0853095 0.910141
0.0813116 0.914038
0.078501 0.918298
0.0756936 0.922108
0.0725008 0.925102
0.0708348 0.929332
0.0679414 0.934748
0.0629701 0.93369
0.05974 0.939939
0.0638858 0.94
0.0688262 0.941953
0.065885 0.946379
0.0608514 0.947258
0.0636871 0.952009
0.0686633 0.951403
0.0695718 0.956451
0.0648426 0.957731
0.0607926 0.962117
0.0596349 0.956748
0.0525757 0.958253
0.0536982 0.951129
0.0519297 0.942936
0.0420338 0.943567
0.0361455 0.949817
0.0398063 0.95794
0.0307775 0.9629
0.02585 0.959353
0.0214766 0.958186
0.0253726 0.94939
0.0191211 0.949041
0.018915 0.942778
0.019947 0.937408
0.00442293 0.946992
0.00463535 0.93417
0.0145016 0.929349
0.0170076 0.924316
0.00476418 0.920454
0.00195434 0.905452
0.0124021 0.890669
0.00315335 0.888597
0.00400344 0.875996
0.00363232 0.864807
0.0139057 0.855005
0.00900504 0.851393
0.00319636 0.848632
0.00168243 0.841848
0.00251054 0.828272
0.0116004 0.834311
0.00928836 0.842733
0.0165915 0.847914
0.0236195 0.847489
0.0297839 0.843003
0.0362896 0.843193
0.0447796 0.843653
0.0504481 0.838653
0.0559901 0.839674
0.0614846 0.841803
0.0655594 0.839744
0.0690148 0.835849
0.0744567 0.838459
0.0641942 0.861106
0.0585041 0.859839
0.0523296 0.849557
0.0474338 0.852989
0.0416807 0.85486
0.0358114 0.860672
0.0345096 0.852198
0.0279301 0.854928
0.020814 0.855921
0.025853 0.863014
0.022798 0.880806
0.0345254 0.87692
0.0448679 0.876565
0.0410627 0.894263
0.031598 0.909324
0.0347729 0.928293
0.027786 0.926931
0.0276148 0.933132
0.0325004 0.940671
0.038194 0.938239
0.042793 0.936583
0.0447949 0.929375
0.0438067 0.921207
0.0538497 0.919514
0.0551948 0.925516
0.0552155 0.93242
0.064394 0.926383
0.0653871 0.917813
0.0651854 0.906471
0.0730199 0.909279
0.0772543 0.904735
0.0742365 0.897557
0.0641141 0.886357
0.0833292 0.888515
0.0807282 0.900195
0.085047 0.901551
0.0888628 0.899564
0.0923565 0.899258
0.100148 0.900056
0.10339 0.904633
0.102509 0.911553
0.0964888 0.912103
0.0954354 0.920448
0.100376 0.922078
0.0959129 0.925855
0.0918491 0.924197
0.0875825 0.923741
0.088852 0.928613
0.088131 0.934305
0.0883665 0.939776
0.0845409 0.94582
0.0887228 0.945731
0.0933649 0.942746
0.0933698 0.937093
0.0975441 0.933492
0.102708 0.933693
0.110042 0.929298
0.11531 0.923679
0.12072 0.923628
0.126953 0.921032
0.13399 0.917551
0.130075 0.917413
0.121807 0.917269
0.1141 0.912902
0.117156 0.908961
0.121305 0.907948
0.12852 0.907387
0.125308 0.904654
0.122165 0.903647
0.114511 0.894892
0.123007 0.89426
0.12512 0.882972
0.132763 0.883917
0.130452 0.876312
0.129219 0.86842
0.129001 0.859302
0.121717 0.859794
0.126604 0.851465
0.12802 0.844808
0.127564 0.837599
0.127384 0.828845
0.117991 0.837674
0.101588 0.826979
0.0996295 0.814585
0.0942286 0.817203
0.0891693 0.814854
0.0910755 0.827292
0.0854599 0.828311
0.0780064 0.82396
0.0674873 0.825713
0.0594503 0.823254
0.0618538 0.828997
0.0566758 0.828839
0.0532691 0.825675
0.0459102 0.821887
0.0508239 0.829939
0.044332 0.83263
0.0366558 0.832108
0.0271636 0.831285
0.0203596 0.835679
0.0231076 0.825942
0.0312613 0.805638
0.0198774 0.809698
0.0130019 0.809089
0.0012518 0.812803
0.00426264 0.802483
0.00182574 0.793331
0.00853811 0.787795
0.00257128 0.782519
0.00175639 0.773902
0.00535369 0.768529
0.0134648 0.76952
0.0027603 0.763402
0.00406506 0.756445
0.0134439 0.753568
0.0131424 0.740058
0.00203813 0.745776
0.00430482 0.738018
0.00297464 0.729911
0.0076533 0.729087
0.00315556 0.721744
0.00313069 0.711416
0.0184467 0.710127
0.00740455 0.704578
0.00283838 0.697623
0.00393831 0.688722
0.00318941 0.680971
0.00866302 0.677179
0.00339268 0.672003
0.00362983 0.663108
0.0141191 0.669334
0.0254354 0.654808
0.00867049 0.65721
0.00289771 0.652137
0.00932139 0.648481
0.00321548 0.642513
0.00960788 0.63889
0.00314687 0.634186
0.00328643 0.625714
0.00958239 0.629876
0.0160119 0.631519
0.0252584 0.631853
0.0293451 0.622384
0.0188733 0.622941
0.0105847 0.621504
0.00337612 0.617349
0.00322659 0.607698
0.0104309 0.605929
0.0170408 0.603067
0.0254137 0.602992
0.0312147 0.595694
0.0368489 0.609088
0.0583293 0.610615
0.0716329 0.614597
0.0753336 0.600465
0.0816082 0.59881
0.0878584 0.603036
0.0821383 0.608333
0.0814653 0.619053
0.0897348 0.614423
0.0980835 0.614463
0.116587 0.619932
0.109537 0.630573
0.100175 0.62718
0.0865594 0.629718
0.0705467 0.637051
0.0925496 0.650743
0.107326 0.647508
0.119639 0.640985
0.129607 0.642103
0.145328 0.633269
0.152813 0.632729
0.150728 0.615794
0.144724 0.59811
0.148057 0.583094
0.147251 0.569746
0.157086 0.5655
0.162419 0.563853
0.159777 0.555559
0.148215 0.55042
0.157463 0.544858
0.156445 0.53731
0.149949 0.540854
0.150726 0.534428
0.153321 0.52905
0.15791 0.528634
0.16251 0.525016
0.166928 0.526942
0.171431 0.532492
0.16407 0.532748
0.167 0.539319
0.169015 0.545911
0.177332 0.541512
0.18713 0.548818
0.175584 0.552527
0.169976 0.553372
0.172541 0.561391
0.180925 0.560899
0.186761 0.567061
0.18197 0.574686
0.175726 0.576057
0.176353 0.568178
0.163174 0.570493
0.165327 0.576323
0.160765 0.579745
0.167246 0.583385
0.167389 0.589949
0.167634 0.597245
0.167465 0.606363
0.162786 0.619138
0.169746 0.62516
0.177587 0.617231
0.182696 0.612918
0.187562 0.606559
0.181191 0.605278
0.180835 0.598119
0.186654 0.59986
0.18517 0.594713
0.191417 0.594272
0.191366 0.58766
0.186972 0.589769
0.181424 0.590263
0.17956 0.583015
0.184397 0.582899
0.190131 0.578798
0.199877 0.576003
0.202678 0.586721
0.200894 0.597739
0.193286 0.601185
0.194072 0.606956
0.197478 0.612468
0.191867 0.612976
0.194988 0.618569
0.190171 0.620559
0.181984 0.626191
0.189778 0.628442
0.193583 0.626281
0.197302 0.624611
0.203843 0.619991
0.204038 0.61238
0.207564 0.605748
0.211526 0.595716
0.218777 0.603531
0.225032 0.594093
0.233185 0.592274
0.231476 0.603526
0.226601 0.61085
0.216546 0.613767
0.214986 0.621278
0.216666 0.628167
0.207497 0.636388
0.198046 0.63322
0.193808 0.634825
0.187329 0.635547
0.17814 0.640161
0.165171 0.636486
0.157288 0.644759
0.147477 0.651046
0.147154 0.673919
0.162782 0.661158
0.170879 0.652864
0.184565 0.659296
0.188408 0.64897
0.195769 0.642893
0.198393 0.653282
0.199279 0.663184
0.199586 0.675916
0.192125 0.671047
0.183492 0.670824
0.174547 0.670335
0.165605 0.676714
0.171637 0.684511
0.182605 0.68214
0.190167 0.680263
0.188785 0.688511
0.201982 0.68826
0.208072 0.686882
0.21435 0.6925
0.218247 0.696379
0.224622 0.695156
0.228458 0.690192
0.221487 0.688663
0.222794 0.681834
0.213931 0.68235
0.214845 0.673962
0.208804 0.670199
0.210592 0.663607
0.216022 0.666442
0.223829 0.665643
0.228449 0.660048
0.233312 0.663432
0.229655 0.669093
0.223696 0.672874
0.227056 0.678616
0.232768 0.679959
0.240475 0.681555
0.24584 0.679844
0.251232 0.683174
0.244617 0.687482
0.25068 0.691777
0.248604 0.700128
0.243679 0.695069
0.236476 0.693112
0.238511 0.703298
0.242532 0.709492
0.24231 0.71883
0.232861 0.726858
0.22568 0.719124
0.222214 0.723452
0.217711 0.720365
0.212239 0.722917
0.207644 0.716747
0.214072 0.715847
0.220248 0.715457
0.222598 0.709495
0.231582 0.71124
0.22968 0.700927
0.223512 0.70193
0.218037 0.703646
0.216824 0.710021
0.2113 0.709948
0.205636 0.709194
0.209602 0.703172
0.204322 0.698475
0.196332 0.697611
0.188151 0.697102
0.184426 0.702396
0.187912 0.710402
0.19567 0.718671
0.204007 0.730491
0.21267 0.735857
0.215767 0.727938
0.219927 0.730944
0.219939 0.736694
0.219364 0.742681
0.221053 0.748641
0.228619 0.747003
0.227354 0.754787
0.22131 0.754426
0.223453 0.760345
0.226872 0.763743
0.223826 0.770244
0.232995 0.763958
0.234871 0.771358
0.240174 0.771562
0.236776 0.778029
0.242431 0.778511
0.246013 0.781846
0.241595 0.785849
0.242676 0.793589
0.24717 0.787889
0.250021 0.792105
0.254715 0.793441
0.253611 0.785885
0.25932 0.788739
0.263777 0.788873
0.265389 0.795989
0.259842 0.796844
0.255029 0.800874
0.250752 0.800137
0.243048 0.802145
0.248735 0.807925
0.256344 0.810531
0.259921 0.804555
0.266399 0.803552
0.270775 0.798398
0.272287 0.804634
0.275976 0.802554
0.280633 0.803271
0.287256 0.8008
0.285588 0.794305
0.277507 0.794618
0.276483 0.784018
0.286975 0.785874
0.28464 0.779925
0.283761 0.772683
0.275978 0.774419
0.280666 0.764407
0.2928 0.760517
0.296323 0.768596
0.298433 0.777915
0.298664 0.788042
0.305808 0.78124
0.313291 0.779627
0.314108 0.789046
0.315517 0.799192
0.306212 0.798364
0.312042 0.808105
0.319567 0.814312
0.321005 0.82412
0.32068 0.832454
0.318429 0.839118
0.30643 0.83872
0.309974 0.829678
0.312394 0.819865
0.303891 0.816096
0.291615 0.814327
0.287209 0.813555
0.282286 0.8097
0.276658 0.809302
0.279115 0.815364
0.284978 0.818769
0.288098 0.82319
0.288148 0.82928
0.29355 0.825104
0.294269 0.831288
0.294108 0.839054
0.292421 0.845299
0.296011 0.849993
0.301089 0.846783
0.308273 0.850019
0.318831 0.851917
0.31375 0.858574
0.308081 0.863239
0.300624 0.856982
0.293593 0.856144
0.291784 0.861155
0.295825 0.864229
0.293739 0.871212
0.289887 0.866504
0.286181 0.870999
0.286113 0.877107
0.28088 0.881047
0.278694 0.888436
0.272453 0.889126
0.275377 0.883541
0.271487 0.879322
0.272849 0.870895
0.27909 0.860201
0.278956 0.850169
0.278824 0.84279
0.276882 0.833994
0.282958 0.834037
0.279188 0.825317
0.273535 0.827006
0.27227 0.81922
0.269995 0.812435
0.262345 0.817484
0.262584 0.825587
0.262352 0.833348
0.254519 0.833277
0.255593 0.824757
0.252977 0.817896
0.244968 0.815418
0.242608 0.82417
0.241746 0.833407
0.235109 0.83941
0.232236 0.847875
0.223373 0.855945
0.233821 0.86159
0.230628 0.867651
0.24182 0.873099
0.252109 0.864179
0.248314 0.857294
0.249613 0.844228
0.258216 0.841299
0.263146 0.840628
0.262523 0.847617
0.25823 0.851497
0.262553 0.855337
0.260423 0.863395
0.258489 0.870622
0.252791 0.878616
0.257944 0.878606
0.258 0.889011
0.251599 0.88928
0.244772 0.886901
0.237011 0.888443
0.228166 0.883439
0.222118 0.879538
0.228994 0.874914
0.222499 0.868278
0.214378 0.873318
0.212954 0.884372
0.207053 0.896565
0.220966 0.899159
0.2334 0.900773
0.238326 0.895179
0.247085 0.903632
0.243135 0.913466
0.240549 0.924334
0.231966 0.917325
0.220542 0.913331
0.210449 0.921338
0.200294 0.917452
0.204784 0.909071
0.19589 0.90838
0.188422 0.907034
0.180979 0.903129
0.174061 0.899229
0.168008 0.891549
0.169138 0.882273
0.160126 0.881355
0.156941 0.871754
0.162759 0.868937
0.15725 0.85785
0.163987 0.852041
0.171061 0.855552
0.177404 0.859946
0.17185 0.864119
0.178264 0.869328
0.176273 0.87475
0.180181 0.879844
0.188002 0.876718
0.186664 0.88235
0.188569 0.886241
0.181649 0.889865
0.188728 0.893655
0.194447 0.893572
0.201594 0.887424
0.201312 0.879656
0.198526 0.873414
0.202464 0.866624
0.213666 0.863409
0.213778 0.853927
0.201565 0.848728
0.191886 0.844239
0.196141 0.833775
0.207243 0.834276
0.208692 0.82532
0.202278 0.825494
0.204495 0.817406
0.209562 0.813686
0.214348 0.80933
0.220294 0.812101
0.214385 0.817501
0.21579 0.823959
0.215595 0.830852
0.215613 0.83801
0.211927 0.845042
0.220827 0.846579
0.226281 0.837665
0.23233 0.830575
0.225056 0.824036
0.232379 0.820215
0.233438 0.81067
0.226861 0.806943
0.221953 0.797491
0.214349 0.798306
0.215739 0.789465
0.208885 0.789036
0.208695 0.778794
0.21566 0.781089
0.214197 0.774444
0.211495 0.767715
0.205719 0.764733
0.207876 0.757603
0.205337 0.750503
0.205205 0.742743
0.196861 0.748886
0.198473 0.757643
0.198146 0.769035
0.190572 0.775589
0.19414 0.785874
0.197061 0.795629
0.196359 0.8033
0.20488 0.80564
0.199675 0.812188
0.192727 0.816905
0.192269 0.82445
0.186606 0.831816
0.17775 0.829167
0.184489 0.817568
0.176985 0.814457
0.184804 0.807692
0.174889 0.803017
0.181892 0.79182
0.176297 0.780923
0.171277 0.788391
0.16718 0.783484
0.167436 0.776612
0.170411 0.768656
0.180455 0.768791
0.188042 0.763111
0.187599 0.751238
0.179504 0.741655
0.182688 0.733407
0.181669 0.725044
0.176105 0.717775
0.17278 0.724195
0.173794 0.731419
0.172182 0.738554
0.175382 0.749269
0.170803 0.757645
0.153896 0.749431
0.160263 0.739764
0.161871 0.726484
0.161528 0.71469
0.17043 0.713068
0.176492 0.707995
0.169708 0.703307
0.177463 0.697849
0.167824 0.694169
0.156247 0.691297
0.126515 0.708417
0.100052 0.726988
0.0911302 0.684697
0.0548475 0.717241
0.0318556 0.74615
0.0545107 0.761072
0.0715816 0.782346
0.0955902 0.798389
0.0978881 0.782973
0.106447 0.777998
0.11719 0.77747
0.123314 0.760832
0.139948 0.76292
0.154858 0.767107
0.152607 0.782766
0.161881 0.789121
0.16724 0.794885
0.161746 0.79724
0.159579 0.803693
0.166474 0.811576
0.164073 0.822541
0.152936 0.820183
0.155634 0.812419
0.143118 0.810737
0.149515 0.799952
0.139098 0.798476
0.130785 0.789556
0.133272 0.807194
0.12131 0.81538
0.132505 0.817543
0.139043 0.823176
0.140073 0.830911
0.15014 0.830054
0.158511 0.831865
0.167861 0.833486
0.169138 0.844322
0.161619 0.841425
0.152439 0.842204
0.144116 0.839119
0.138842 0.839359
0.140407 0.847742
0.146519 0.849537
0.142462 0.856429
0.142002 0.864162
0.148992 0.863387
0.145805 0.870761
0.13945 0.872646
0.144135 0.877614
0.138804 0.880194
0.142285 0.886502
0.147272 0.88367
0.152182 0.88754
0.156267 0.891371
0.151459 0.894873
0.144769 0.900091
0.144807 0.892754
0.137896 0.894165
0.132163 0.893694
0.128564 0.899721
0.134068 0.902176
0.138069 0.907625
0.141496 0.913762
0.142836 0.920122
0.147896 0.920092
0.144956 0.931058
0.148089 0.937335
0.140877 0.938077
0.13828 0.931107
0.13341 0.929102
0.132686 0.934366
0.127821 0.935132
0.123853 0.940067
0.120956 0.934706
0.118155 0.939861
0.119822 0.944384
0.117668 0.949541
0.111161 0.953256
0.10771 0.953929
0.104403 0.949379
0.105156 0.944475
0.105366 0.939029
0.101212 0.939294
0.0994813 0.943741
0.0989029 0.948674
0.100452 0.953836
0.104679 0.956288
0.101762 0.960095
0.105855 0.962476
0.109861 0.959163
0.117565 0.958371
0.115384 0.967033
0.113758 0.97754
0.125071 0.979421
0.128839 0.985829
0.132672 0.97807
0.126967 0.970921
0.125872 0.961106
0.130142 0.95186
0.13619 0.945141
0.145478 0.949857
0.151889 0.944303
0.156648 0.951918
0.16339 0.945386
0.166882 0.949827
0.169543 0.953632
0.177342 0.948131
0.176832 0.958808
0.18224 0.965719
0.17194 0.970281
0.184506 0.976434
0.180522 0.983644
0.186916 0.987405
0.195906 0.986769
0.19708 0.979724
0.203689 0.984685
0.20786 0.977567
0.216071 0.982123
0.215308 0.969037
0.208098 0.967813
0.202249 0.971985
0.196029 0.972059
0.191757 0.965899
0.19979 0.963164
0.198473 0.953959
0.191543 0.956673
0.189599 0.947689
0.192591 0.938726
0.182319 0.940026
0.186535 0.9301
0.180127 0.925582
0.1728 0.934202
0.168268 0.928339
0.16485 0.93282
0.158196 0.932782
0.161327 0.925564
0.165376 0.921043
0.16005 0.917796
0.155332 0.92331
0.15389 0.916617
0.156418 0.910583
0.150275 0.911149
0.147793 0.905983
0.151559 0.902412
0.155824 0.901767
0.159971 0.896561
0.164964 0.902794
0.172921 0.907471
0.177626 0.914328
0.184078 0.915889
0.189368 0.915748
0.192877 0.92272
0.19794 0.928574
0.202375 0.935719
0.204541 0.942007
0.20773 0.948504
0.207958 0.954824
0.209499 0.961449
0.216018 0.954231
0.21499 0.944264
0.213276 0.934845
0.221689 0.933476
0.224585 0.925904
0.230233 0.934246
0.239019 0.935648
0.236932 0.94466
0.226872 0.944331
0.226656 0.955038
0.235969 0.954173
0.236691 0.963426
0.232897 0.969751
0.241166 0.973361
0.236518 0.978665
0.230787 0.978446
0.224446 0.982261
0.233007 0.988468
0.239718 0.98635
0.244883 0.983349
0.25383 0.979182
0.261261 0.980185
0.26331 0.989666
0.270787 0.988588
0.272033 0.979562
0.268726 0.970424
0.25769 0.969744
0.250252 0.964803
0.249787 0.954757
0.249382 0.94462
0.25543 0.936687
0.248445 0.934911
0.250828 0.928505
0.2534 0.922428
0.25894 0.921952
0.255798 0.915007
0.260768 0.9126
0.260518 0.90617
0.265849 0.905942
0.26441 0.90086
0.26833 0.894716
0.272992 0.898833
0.281399 0.898597
0.287792 0.900498
0.293786 0.900213
0.293856 0.892907
0.287602 0.892448
0.290747 0.885895
0.294185 0.880094
0.30099 0.880136
0.306466 0.880281
0.305104 0.872263
0.314912 0.872092
0.31758 0.880601
0.312227 0.880382
0.312975 0.88778
0.306363 0.891092
0.300295 0.888823
0.302108 0.897718
0.310321 0.898333
0.306511 0.905178
0.299499 0.905304
0.29785 0.91191
0.303067 0.912904
0.298803 0.920216
0.305836 0.921192
0.312627 0.921856
0.310562 0.913619
0.315482 0.909006
0.319476 0.904528
0.32585 0.907195
0.322501 0.914651
0.319473 0.921752
0.323929 0.922909
0.31943 0.930001
0.313106 0.935364
0.318655 0.941193
0.309972 0.944358
0.318398 0.950551
0.310487 0.953508
0.302868 0.951492
0.296151 0.955138
0.289066 0.950006
0.296425 0.946658
0.302159 0.942481
0.305685 0.936298
0.307533 0.928862
0.299236 0.928292
0.291473 0.933145
0.297298 0.936716
0.292348 0.940651
0.286002 0.940843
0.281809 0.934603
0.279818 0.926002
0.286441 0.92765
0.290871 0.922771
0.291472 0.914835
0.287716 0.908234
0.279346 0.908187
0.282969 0.916739
0.273273 0.916334
0.268524 0.929533
0.267979 0.941884
0.274929 0.940483
0.278499 0.948964
0.271388 0.951271
0.265086 0.950482
0.268492 0.960247
0.2765 0.968419
0.278942 0.960087
0.289357 0.95932
0.289018 0.967222
0.28736 0.974982
0.291742 0.981285
0.284434 0.985275
0.291132 0.989923
0.301271 0.987822
0.311604 0.985137
0.31851 0.988209
0.319845 0.979509
0.319794 0.969635
0.313472 0.96926
0.30692 0.973812
0.296677 0.974939
0.299847 0.965833
0.308037 0.963472
0.317153 0.960939
0.334774 0.964161
0.334337 0.94917
0.343634 0.948045
0.347731 0.945352
0.342159 0.939242
0.34834 0.938468
0.345192 0.932845
0.340936 0.930025
0.343224 0.923768
0.342751 0.916815
0.344778 0.910681
0.337191 0.908713
0.34271 0.904622
0.348239 0.904821
0.354772 0.903706
0.350297 0.897991
0.359807 0.89373
0.349995 0.890909
0.346685 0.885689
0.343382 0.891267
0.345299 0.89821
0.339133 0.89776
0.331019 0.899852
0.324869 0.897399
0.334629 0.891663
0.329118 0.885917
0.322567 0.884658
0.326419 0.875988
0.332131 0.873296
0.339303 0.880067
0.34664 0.879112
0.351893 0.882902
0.352631 0.876419
0.3565 0.871598
0.345439 0.868787
0.33605 0.863965
0.329542 0.862116
0.327728 0.852269
0.334236 0.851647
0.340223 0.856999
0.346632 0.849022
0.355578 0.853055
0.34937 0.858968
0.353482 0.864449
0.360217 0.864795
0.361834 0.858666
0.365455 0.853459
0.372385 0.853733
0.369895 0.860668
0.37766 0.864121
0.369834 0.870863
0.373965 0.879553
0.366441 0.880147
0.368947 0.889449
0.374474 0.889369
0.373598 0.898016
0.365753 0.904842
0.362116 0.913354
0.357047 0.911581
0.351567 0.909427
0.351788 0.916473
0.352034 0.923439
0.357019 0.918646
0.362509 0.920853
0.366928 0.91858
0.373377 0.917487
0.371513 0.922635
0.366925 0.928053
0.359626 0.937716
0.368737 0.942819
0.371641 0.935609
0.377767 0.941721
0.371939 0.950427
0.375636 0.957487
0.379585 0.951852
0.384454 0.95125
0.390847 0.950055
0.386303 0.942937
0.393624 0.940139
0.398423 0.940503
0.401735 0.936433
0.403603 0.942544
0.39996 0.948227
0.407268 0.946681
0.414661 0.947111
0.411529 0.940101
0.409199 0.931885
0.421681 0.93647
0.425892 0.942606
0.423701 0.950959
0.428852 0.95176
0.437248 0.944123
0.446127 0.945329
0.44452 0.956176
0.447005 0.967622
0.441145 0.966839
0.435589 0.964484
0.430005 0.959398
0.425402 0.958311
0.427623 0.965333
0.422473 0.964928
0.41959 0.970867
0.425612 0.97065
0.425469 0.976301
0.419566 0.978574
0.414194 0.97579
0.408357 0.973096
0.413592 0.968974
0.41607 0.9636
0.410719 0.961469
0.416205 0.954769
0.411089 0.953552
0.406248 0.953166
0.399646 0.959164
0.399566 0.96741
0.397488 0.97248
0.390127 0.972623
0.384038 0.975642
0.387172 0.966515
0.384095 0.959648
0.378899 0.967092
0.369108 0.970198
0.363577 0.968773
0.363479 0.961654
0.358305 0.959475
0.362077 0.951034
0.354683 0.955011
0.351918 0.949253
0.350054 0.955196
0.345311 0.954897
0.347147 0.96294
0.352792 0.962324
0.35731 0.966572
0.358683 0.972672
0.35351 0.976474
0.348601 0.970935
0.339831 0.980537
0.342278 0.990666
0.347069 0.987109
0.353392 0.986756
0.361643 0.991099
0.361392 0.98343
0.364276 0.976309
0.369572 0.981305
0.370128 0.988478
0.376317 0.982921
0.383439 0.98819
0.392868 0.984212
0.402713 0.988801
0.407758 0.981797
0.414318 0.982758
0.413336 0.990111
0.419054 0.987718
0.423869 0.983257
0.427296 0.989082
0.432422 0.983376
0.435308 0.974181
0.441392 0.975439
0.447478 0.976695
0.451006 0.98296
0.443292 0.983159
0.441436 0.9904
0.447511 0.990813
0.45372 0.990425
0.456788 0.984189
0.461544 0.980901
0.471636 0.983792
0.484668 0.974218
0.491822 0.976899
0.500038 0.978446
0.508791 0.980942
0.508702 0.971425
0.517924 0.977418
0.525917 0.97599
0.532505 0.979056
0.53887 0.978144
0.550356 0.978338
0.559736 0.980645
0.573203 0.978661
0.57857 0.981256
0.584586 0.957684
0.584332 0.947839
0.575285 0.95097
0.564749 0.958605
0.558675 0.954766
0.550598 0.95562
0.543314 0.955773
0.534498 0.95312
0.534117 0.961045
0.524476 0.958004
0.514165 0.959213
0.504651 0.959512
0.495661 0.959225
0.486692 0.959432
0.477011 0.965112
0.468515 0.969827
0.46213 0.97187
0.455695 0.977326
0.455352 0.971217
0.456966 0.965253
0.462487 0.961771
0.456521 0.957831
0.461152 0.955758
0.463648 0.951235
0.456858 0.949869
0.461107 0.945331
0.456901 0.941689
0.458507 0.934916
0.462338 0.937469
0.466148 0.93225
0.468299 0.926647
0.473331 0.925529
0.472226 0.918114
0.482939 0.915374
0.481316 0.921747
0.479744 0.9307
0.473428 0.934728
0.48018 0.944987
0.487033 0.944289
0.497705 0.943722
0.498607 0.935342
0.490415 0.928507
0.492531 0.922584
0.49715 0.927071
0.505119 0.92555
0.510072 0.927618
0.510062 0.939504
0.521183 0.935465
0.535679 0.9345
0.547036 0.931542
0.557046 0.928154
0.564764 0.924717
0.565436 0.93648
0.57494 0.937875
0.585343 0.938082
0.591462 0.934296
0.585491 0.932011
0.587778 0.927388
0.58426 0.924115
0.589016 0.921306
0.586369 0.9174
0.576264 0.918696
0.574358 0.905874
0.583134 0.902374
0.59403 0.903445
0.595563 0.916879
0.602443 0.917996
0.607496 0.918024
0.613621 0.918673
0.606849 0.924028
0.602771 0.924584
0.60161 0.930695
0.605756 0.929571
0.610317 0.928583
0.610256 0.935451
0.605327 0.936046
0.600829 0.936912
0.602603 0.943106
0.610393 0.942289
0.616769 0.943284
0.619424 0.936385
0.620638 0.929066
0.625975 0.921875
0.635273 0.925565
0.633282 0.931888
0.630498 0.938695
0.628093 0.945784
0.626833 0.952601
0.621626 0.952548
0.613885 0.950514
0.609611 0.955596
0.605594 0.962289
0.612577 0.964283
0.61816 0.962905
0.624235 0.960059
0.622566 0.967136
0.627367 0.966908
0.635023 0.965606
0.63872 0.963439
0.644872 0.964479
0.633564 0.958184
0.637759 0.953675
0.645308 0.953416
0.639842 0.946044
0.64614 0.943212
0.641763 0.936777
0.647105 0.934906
0.656869 0.94216
0.667914 0.942211
0.663789 0.954203
0.654627 0.957125
0.662765 0.966123
0.674726 0.962293
0.676394 0.951693
0.680778 0.944604
0.689964 0.952675
0.692824 0.936472
0.682943 0.932355
0.683687 0.92656
0.674052 0.927943
0.66514 0.926569
0.658018 0.927983
0.654137 0.924713
0.648507 0.927347
0.659139 0.908665
0.671052 0.908712
0.683659 0.886063
0.677038 0.86852
0.682628 0.864554
0.687633 0.864533
0.697932 0.859846
0.688691 0.858635
0.684025 0.85714
0.679595 0.859084
0.68062 0.851253
0.68527 0.851139
0.68965 0.852585
0.691523 0.83021
0.677353 0.833369
0.673318 0.84234
0.665229 0.857364
0.641756 0.87037
0.62881 0.844923
0.620045 0.861515
0.621554 0.871121
0.618195 0.884226
0.611387 0.900139
0.602726 0.884171
0.58951 0.891061
0.58135 0.887516
0.572763 0.889299
0.565414 0.896056
0.561127 0.901702
0.564986 0.904772
0.558326 0.90836
0.550033 0.906555
0.542492 0.909744
0.533306 0.901793
0.523063 0.892082
0.522289 0.908271
0.508565 0.9144
0.501213 0.913182
0.50614 0.902122
0.50954 0.901429
0.511756 0.893931
0.501873 0.884313
0.519734 0.874545
0.534723 0.866735
0.544699 0.864933
0.546058 0.881825
0.576694 0.855075
0.572566 0.832229
0.598892 0.835569
0.587125 0.802634
0.571677 0.804754
0.572454 0.79574
0.555975 0.791741
0.555475 0.800606
0.558313 0.806738
0.547352 0.815041
0.538966 0.837532
0.543841 0.848397
0.533491 0.850317
0.530801 0.843022
0.513883 0.850386
0.514353 0.832178
0.520685 0.822475
0.515111 0.812765
0.526066 0.81189
0.531659 0.79213
0.517491 0.786569
0.508773 0.787792
0.495699 0.795794
0.486952 0.784917
0.471306 0.794979
0.455699 0.797403
0.470101 0.809553
0.480582 0.818983
0.489852 0.814618
0.489492 0.822499
0.487041 0.836071
0.495708 0.841577
0.490299 0.853112
0.486016 0.856418
0.486124 0.862089
0.489599 0.859242
0.492775 0.862939
0.488668 0.8694
0.482535 0.872045
0.483138 0.865896
0.473981 0.86545
0.481641 0.858475
0.48144 0.851747
0.485909 0.851125
0.486536 0.84364
0.480181 0.839106
0.472159 0.839687
0.462507 0.827322
0.455056 0.825712
0.454785 0.831205
0.452762 0.83659
0.456217 0.845731
0.451912 0.844587
0.443097 0.846583
0.441225 0.841845
0.434096 0.848245
0.433958 0.842684
0.436026 0.837544
0.438611 0.833793
0.444569 0.836077
0.446413 0.829263
0.43976 0.826716
0.43375 0.829191
0.429566 0.820344
0.421793 0.8347
0.418397 0.823028
0.403989 0.820033
0.399396 0.827622
0.405102 0.831521
0.399719 0.835241
0.399761 0.842771
0.402964 0.849458
0.407194 0.858745
0.412595 0.868345
0.41973 0.876218
0.426654 0.859389
0.434366 0.874833
0.431945 0.885457
0.43541 0.890273
0.439688 0.894807
0.44411 0.900306
0.449104 0.903527
0.449391 0.909456
0.454782 0.910781
0.459082 0.904673
0.458591 0.896148
0.464616 0.890391
0.474761 0.887168
0.484519 0.895778
0.475988 0.898787
0.472536 0.905326
0.467172 0.907237
0.463345 0.916533
0.453077 0.916361
0.455656 0.920733
0.460108 0.923723
0.458163 0.928938
0.448228 0.93137
0.438963 0.929982
0.434153 0.917502
0.427058 0.925418
0.417612 0.92089
0.425182 0.913392
0.423533 0.900763
0.412164 0.910655
0.405524 0.900693
0.402131 0.91207
0.405508 0.918855
0.400748 0.928279
0.395359 0.933281
0.39023 0.934985
0.385458 0.932302
0.380215 0.931267
0.374797 0.927114
0.378331 0.925353
0.383597 0.926624
0.390142 0.928515
0.390533 0.921241
0.391105 0.9091
0.390132 0.899092
0.392536 0.884121
0.389242 0.870007
0.386529 0.856128
0.384166 0.844895
0.375149 0.846206
0.369122 0.847194
0.362254 0.845145
0.355821 0.838989
0.358024 0.831396
0.355737 0.822173
0.361867 0.819952
0.364442 0.809281
0.355516 0.811296
0.353834 0.804976
0.357254 0.802997
0.35479 0.795597
0.36408 0.796089
0.370487 0.799829
0.380765 0.798745
0.378239 0.80618
0.380842 0.812546
0.374014 0.809868
0.371015 0.816348
0.376818 0.819878
0.382816 0.82069
0.379558 0.82805
0.369853 0.826959
0.373595 0.833252
0.36889 0.839114
0.376284 0.839535
0.381561 0.834583
0.389126 0.834828
0.386133 0.828299
0.390574 0.821063
0.391403 0.812988
0.403739 0.809094
0.408262 0.799345
0.419493 0.78908
0.424279 0.795285
0.427734 0.783747
0.431293 0.777885
0.433408 0.772164
0.443818 0.758324
0.449764 0.770309
0.462519 0.776413
0.468236 0.756579
0.50094 0.750767
0.521396 0.744646
0.547997 0.766869
0.594866 0.757456
0.637338 0.757561
0.64515 0.690259
0.606496 0.626289
0.640188 0.614717
0.624454 0.596747
0.605471 0.5955
0.59237 0.586434
0.577658 0.574114
0.588268 0.56586
0.601685 0.575917
0.615212 0.575904
0.625983 0.568198
0.644216 0.579957
0.637782 0.567225
0.639665 0.55786
0.647954 0.559781
0.656796 0.551384
0.656208 0.56989
0.667239 0.564209
0.678446 0.563506
0.689453 0.569347
0.680391 0.580984
0.663209 0.587521
0.676635 0.61611
0.705393 0.623546
0.715144 0.606022
0.737136 0.615647
0.761347 0.609466
0.775582 0.649996
0.790151 0.607136
0.815627 0.625681
0.826282 0.598499
0.833041 0.584925
0.846 0.595804
0.860245 0.588163
0.871662 0.58302
0.914228 0.605205
0.936122 0.605981
0.916246 0.550684
0.902714 0.526819
0.916074 0.512368
0.931952 0.517935
0.941842 0.508925
0.951995 0.509746
0.956654 0.497037
0.944268 0.488428
0.93647 0.472167
0.925988 0.468593
0.927577 0.481865
0.924587 0.497207
0.910045 0.488685
0.91713 0.47848
0.905666 0.475441
0.893936 0.480354
0.893017 0.468721
0.902556 0.461691
0.912971 0.462152
0.908773 0.453052
0.915346 0.446387
0.92204 0.454534
0.928567 0.44753
0.936405 0.445502
0.942571 0.440583
0.93469 0.435794
0.932945 0.42666
0.926681 0.432822
0.919286 0.435611
0.920034 0.424531
0.914551 0.4137
0.907924 0.423086
0.894328 0.427334
0.908659 0.435831
0.902154 0.442376
0.896094 0.448736
0.890406 0.452755
0.885058 0.456349
0.879413 0.460451
0.873941 0.464955
0.867776 0.469465
0.860323 0.475178
0.853622 0.465546
0.860081 0.460576
0.865858 0.455921
0.871447 0.450451
0.877385 0.446469
0.868194 0.437529
0.86032 0.440065
0.853461 0.446434
0.842933 0.443669
0.84661 0.454081
0.839419 0.461745
0.831274 0.456004
0.828744 0.472473
0.844238 0.477502
0.854219 0.484528
0.848979 0.494792
0.834923 0.491773
0.827247 0.503328
0.815119 0.501384
0.821495 0.488674
0.81333 0.479275
0.801711 0.492026
0.794339 0.500982
0.797999 0.509731
0.789506 0.509913
0.787062 0.520621
0.781637 0.531152
0.773349 0.536082
0.764582 0.543198
0.752659 0.551391
0.773833 0.554856
0.780531 0.548577
0.788331 0.542288
0.793128 0.531467
0.804932 0.539496
0.815274 0.529848
0.803042 0.522029
0.810694 0.514706
0.821116 0.515667
0.833372 0.515791
0.841366 0.506319
0.84919 0.521158
0.859002 0.508205
0.867408 0.495192
0.879971 0.487525
0.879512 0.510083
0.871277 0.523753
0.864788 0.536249
0.889121 0.555834
0.864609 0.56121
0.847045 0.5659
0.821874 0.568919
0.828961 0.558779
0.835433 0.550424
0.842949 0.540973
0.837415 0.527698
0.826445 0.527157
0.828705 0.538297
0.819483 0.545915
0.811008 0.556068
0.797184 0.553517
0.789407 0.56277
0.80405 0.568052
0.798746 0.575039
0.791454 0.580771
0.781351 0.570969
0.772384 0.576574
0.759522 0.568214
0.745098 0.567788
0.74855 0.57926
0.731408 0.577199
0.718772 0.573701
0.704358 0.578427
0.699042 0.562794
0.712309 0.564522
0.725447 0.561546
0.73909 0.549425
0.705496 0.516476
0.729399 0.4845
0.693238 0.454363
0.66159 0.469902
0.656701 0.413726
0.70087 0.389847
0.731166 0.388589
0.715949 0.377826
0.69566 0.366789
0.690272 0.373396
0.679413 0.373968
0.666684 0.374526
0.639499 0.38389
0.634591 0.407
0.620281 0.418918
0.591206 0.425287
0.528856 0.469894
0.448128 0.429389
0.401039 0.502128
0.403371 0.521769
0.394014 0.521031
0.384421 0.521066
0.375451 0.518197
0.384785 0.508949
0.383381 0.497808
0.377919 0.501339
0.369175 0.498986
0.368883 0.510186
0.361219 0.504876
0.355486 0.497104
0.350902 0.507637
0.343648 0.500854
0.33423 0.503612
0.325779 0.503509
0.317361 0.502544
0.326509 0.493489
0.337136 0.491022
0.345609 0.487382
0.354026 0.485442
0.36629 0.482777
0.364322 0.46764
0.343376 0.471172
0.32697 0.480785
0.316253 0.488057
0.306732 0.475177
0.301825 0.496705
0.296057 0.510761
0.303997 0.529097
0.313285 0.52454
0.31436 0.514197
0.322269 0.513014
0.332368 0.514382
0.342481 0.5149
0.35094 0.517462
0.356471 0.515573
0.355102 0.522535
0.351472 0.525481
0.347107 0.52296
0.341521 0.524923
0.333224 0.524352
0.324486 0.523267
0.319644 0.535099
0.3278 0.533555
0.33606 0.532377
0.343581 0.532099
0.341223 0.540212
0.346966 0.53794
0.348471 0.543852
0.353314 0.547307
0.359928 0.549193
0.368501 0.551633
0.379173 0.545813
0.368103 0.542084
0.36222 0.543569
0.356559 0.542299
0.352778 0.538039
0.351278 0.531789
0.355965 0.533718
0.360019 0.536493
0.360284 0.530677
0.355974 0.528046
0.360019 0.5249
0.365611 0.518801
0.368782 0.526393
0.369063 0.534348
0.377686 0.531855
0.385259 0.535237
0.39446 0.538318
0.40329 0.539081
0.397844 0.549913
0.389158 0.55173
0.380295 0.561229
0.394389 0.570768
0.375851 0.57932
0.366839 0.569736
0.354641 0.586362
0.346854 0.576013
0.354607 0.566186
0.342905 0.560093
0.337483 0.552525
0.329412 0.555876
0.327028 0.544422
0.313867 0.54582
0.31793 0.55418
0.308198 0.562541
0.32224 0.569277
0.334123 0.568609
0.327844 0.583919
0.319956 0.601116
0.29996 0.584015
0.285181 0.595584
0.291827 0.618596
0.291185 0.635515
0.299043 0.636763
0.294634 0.64235
0.29394 0.648487
0.296818 0.654056
0.299831 0.659903
0.299849 0.668097
0.288406 0.665141
0.288294 0.677877
0.295951 0.676347
0.295176 0.688474
0.298083 0.697047
0.30105 0.703691
0.300815 0.712062
0.307458 0.71209
0.313578 0.7075
0.308915 0.700907
0.305821 0.695218
0.304949 0.688588
0.302784 0.681747
0.303716 0.674675
0.311448 0.671834
0.3144 0.677742
0.313529 0.684458
0.318922 0.683728
0.31908 0.690873
0.323863 0.693779
0.327106 0.698703
0.320717 0.701554
0.327747 0.704741
0.333373 0.704059
0.33828 0.695487
0.344216 0.680286
0.329371 0.678346
0.323164 0.672356
0.3191 0.665795
0.312467 0.665452
0.30827 0.660006
0.302599 0.647698
0.309895 0.650261
0.34135 0.633802
0.359233 0.633663
0.364519 0.626758
0.37071 0.630946
0.382521 0.6374
0.395708 0.63923
0.387748 0.625388
0.382397 0.622706
0.373694 0.621538
0.378784 0.614458
0.389753 0.615881
0.396014 0.612221
0.401705 0.609726
0.407739 0.609527
0.412638 0.605531
0.407372 0.600823
0.402549 0.600699
0.412558 0.596869
0.419118 0.601626
0.420682 0.595484
0.428248 0.595427
0.436704 0.606906
0.424513 0.61223
0.416596 0.61616
0.408513 0.618945
0.401128 0.623578
0.414131 0.634066
0.425934 0.631218
0.436271 0.627287
0.440408 0.621208
0.447867 0.625929
0.460868 0.631407
0.473571 0.619173
0.472666 0.606885
0.459558 0.606832
0.44666 0.59819
0.461549 0.585038
0.477003 0.58468
0.48739 0.579688
0.504272 0.583124
0.517093 0.583348
0.516824 0.593924
0.511002 0.595026
0.504519 0.59578
0.497908 0.597337
0.490528 0.598554
0.482673 0.609901
0.494231 0.615393
0.500586 0.610871
0.506898 0.608884
0.51367 0.608023
0.521167 0.60719
0.532144 0.601263
0.55362 0.593746
0.56228 0.594585
0.567344 0.587876
0.575102 0.588445
0.582888 0.590225
0.582431 0.603046
0.574471 0.608725
0.562501 0.610207
0.564625 0.623322
0.579144 0.642309
0.555021 0.660303
0.553504 0.627841
0.5455 0.612736
0.535432 0.615945
0.524736 0.627096
0.512454 0.621313
0.512832 0.638257
0.496189 0.645109
0.437574 0.684528
0.430768 0.74798
0.416647 0.745168
0.401179 0.74356
0.38932 0.743559
0.379554 0.74811
0.374354 0.747204
0.375825 0.75758
0.374526 0.765553
0.37779 0.773418
0.368517 0.776046
0.377582 0.78134
0.387506 0.783419
0.378265 0.791154
0.369711 0.787819
0.360842 0.782828
0.355077 0.786381
0.344556 0.786847
0.344851 0.796407
0.345101 0.804801
0.345197 0.812055
0.344827 0.819124
0.344873 0.826239
0.343119 0.833063
0.345578 0.839701
0.340905 0.84236
0.332816 0.842133
0.330294 0.829764
0.331562 0.823458
0.331091 0.815327
0.326224 0.805914
0.335938 0.802995
0.334827 0.790873
0.324971 0.792249
0.325462 0.783639
0.322144 0.776808
0.319086 0.767265
0.308703 0.770296
0.307836 0.761362
0.313197 0.755284
0.320579 0.754348
0.330034 0.753088
0.330163 0.763471
0.332832 0.773987
0.343249 0.774225
0.343448 0.762457
0.35647 0.772568
0.363215 0.762234
0.358597 0.75516
0.365765 0.749906
0.365971 0.74142
0.364871 0.735075
0.360105 0.739066
0.356382 0.745053
0.351602 0.749109
0.340782 0.7487
0.328909 0.745188
0.325584 0.738708
0.324857 0.729355
0.33206 0.732604
0.339653 0.736407
0.348971 0.738065
0.354577 0.734632
0.360105 0.732155
0.36308 0.727502
0.357847 0.72016
0.354851 0.725112
0.348867 0.727539
0.344611 0.723199
0.338514 0.723653
0.330807 0.718672
0.33697 0.716307
0.343014 0.715599
0.349451 0.717804
0.3514 0.710698
0.343186 0.706998
0.337589 0.709892
0.331741 0.710952
0.325231 0.712832
0.318975 0.720879
0.316317 0.728229
0.310965 0.721381
0.304729 0.719023
0.305451 0.725993
0.301551 0.734332
0.306404 0.740361
0.310814 0.745845
0.307212 0.751879
0.300778 0.75584
0.299907 0.744798
0.292557 0.744457
0.290702 0.734872
0.296448 0.727544
0.292446 0.720646
0.289491 0.726712
0.280641 0.726361
0.2727 0.741283
0.272663 0.751833
0.25834 0.753523
0.26374 0.764923
0.262748 0.77345
0.255106 0.772317
0.257153 0.763523
0.251218 0.759161
0.243137 0.75445
0.251077 0.738983
0.256847 0.735918
0.249299 0.726783
0.255291 0.726373
0.26567 0.721798
0.275324 0.713927
0.267837 0.714458
0.264114 0.714915
0.257551 0.71544
0.253425 0.70849
0.258717 0.70397
0.267366 0.707422
0.27355 0.703832
0.267315 0.699185
0.264571 0.692712
0.261304 0.687137
0.265049 0.677443
0.251571 0.674777
0.245385 0.673109
0.239124 0.672076
0.244771 0.666586
0.250876 0.66652
0.251605 0.659921
0.244877 0.660584
0.242763 0.653536
0.248355 0.653822
0.254849 0.652619
0.264621 0.658369
0.267092 0.643018
0.257296 0.645667
0.251664 0.643789
0.245168 0.647245
0.239798 0.642056
0.245805 0.640431
0.242914 0.634536
0.249068 0.632333
0.256713 0.634256
0.26278 0.618785
0.251819 0.62137
0.246905 0.624532
0.239697 0.62065
0.238022 0.627398
0.234886 0.63411
0.231007 0.640382
0.231962 0.647001
0.234608 0.654607
0.229291 0.653235
0.222109 0.655449
0.214659 0.656873
0.20871 0.65666
0.208568 0.648597
0.214636 0.647733
0.218985 0.638098
0.22596 0.630512
0.226435 0.620027
0.236499 0.614977
0.24077 0.608879
0.247051 0.613996
0.251394 0.604445
0.245455 0.599882
0.248366 0.59152
0.248135 0.584384
0.2458 0.575048
0.243845 0.561532
0.241464 0.546349
0.240487 0.535067
0.234406 0.552032
0.235975 0.560219
0.233131 0.566571
0.235664 0.573436
0.2346 0.583148
0.224276 0.57651
0.213948 0.575423
0.21326 0.562601
0.210618 0.551717
0.204798 0.54382
0.203524 0.533919
0.203212 0.527508
0.204177 0.520789
0.2123 0.522454
0.216635 0.534746
0.222276 0.524216
0.237255 0.518383
0.235166 0.5081
0.237089 0.499305
0.230758 0.496826
0.234341 0.492089
0.229689 0.487282
0.236414 0.486312
0.24305 0.486881
0.23471 0.480071
0.233799 0.473187
0.238108 0.469337
0.232997 0.465525
0.236345 0.460056
0.23455 0.453663
0.228125 0.458188
0.217449 0.455839
0.219111 0.465136
0.219908 0.476186
0.216985 0.485674
0.211519 0.475885
0.208695 0.46755
0.203246 0.463568
0.19786 0.465118
0.200515 0.470756
0.202977 0.476957
0.202512 0.484055
0.204013 0.490615
0.20279 0.497741
0.211193 0.496579
0.218331 0.494177
0.221715 0.5053
0.21765 0.513822
0.209305 0.511056
0.203673 0.504789
0.202925 0.512909
0.190251 0.519282
0.189897 0.504852
0.18524 0.496675
0.192476 0.492524
0.192705 0.480366
0.190166 0.469713
0.191497 0.46033
0.198743 0.457784
0.207283 0.455989
0.200772 0.449337
0.195073 0.451495
0.191502 0.44534
0.183757 0.449084
0.176376 0.444057
0.171841 0.446268
0.172629 0.456663
0.176366 0.454217
0.182816 0.460615
0.174781 0.46405
0.176056 0.471336
0.171227 0.472298
0.165281 0.471617
0.166011 0.480942
0.175511 0.479353
0.177802 0.487845
0.169989 0.490606
0.171074 0.498196
0.175121 0.504536
0.175069 0.513001
0.165432 0.510708
0.164361 0.518023
0.158745 0.520644
0.154128 0.520439
0.158925 0.513634
0.153907 0.510974
0.157248 0.506004
0.157099 0.499887
0.154304 0.493439
0.147909 0.498177
0.147548 0.49002
0.151491 0.482844
0.148875 0.4753
0.147617 0.468579
0.155106 0.472433
0.162225 0.463636
0.153137 0.463088
0.146214 0.46088
0.141325 0.464925
0.138173 0.459637
0.129834 0.456046
0.12585 0.457011
0.121792 0.458517
0.114927 0.459618
0.109815 0.455445
0.108577 0.461764
0.108258 0.469558
0.106808 0.476704
0.105368 0.483971
0.117027 0.485561
0.124244 0.481563
0.125408 0.488349
0.13112 0.489744
0.133582 0.482217
0.132799 0.477539
0.125843 0.473938
0.119386 0.475908
0.113749 0.474843
0.114786 0.467785
0.12146 0.466696
0.128663 0.466549
0.133061 0.463416
0.136447 0.4675
0.14037 0.4707
0.14057 0.476041
0.142033 0.480743
0.139029 0.489787
0.137813 0.497526
0.131089 0.496704
0.124241 0.498722
0.120003 0.493103
0.113253 0.495108
0.106646 0.497929
0.112415 0.504527
0.118249 0.50311
0.122884 0.506526
0.1272 0.506433
0.133603 0.506251
0.138575 0.506517
0.14325 0.504605
0.144015 0.512194
0.1398 0.514054
0.134641 0.515514
0.124835 0.515567
0.120666 0.514011
0.116644 0.511735
0.0777113 0.558699
0.0714401 0.576984
0.0813349 0.581918
0.0760904 0.592863
0.0697603 0.589027
0.0620443 0.582759
0.0600536 0.572884
0.0530348 0.581661
0.0456991 0.579253
0.0440282 0.588436
0.0329614 0.587537
0.0278756 0.585367
0.023409 0.590558
0.019825 0.594939
0.0144107 0.595355
0.00899133 0.595378
0.00324233 0.599206
0.00359099 0.590715
0.00247979 0.583133
0.00350793 0.574814
0.00733922 0.568502
0.002413 0.565496
0.00561697 0.559795
0.00240183 0.555767
0.016474 0.549041
0.00318429 0.543264
0.00331205 0.533223
End
