1000 300
0.0336382 0.45976
0.0411459 0.465938
0.0485 0.468737
0.055 0.47
0.060834 0.467795
0.0665 0.466727
0.0703424 0.460863
0.0814339 0.459728
0.0912676 0.453468
0.0968917 0.451399
0.103143 0.448719
0.10922 0.447298
0.116091 0.446995
0.121309 0.444604
0.125581 0.44868
0.130411 0.4489
0.141911 0.450539
0.152905 0.453136
0.15714 0.446733
0.162 0.440641
0.166796 0.44821
0.17575 0.444583
0.171283 0.440797
0.178648 0.432901
0.184607 0.437738
0.1915 0.431667
0.196091 0.432576
0.1875 0.422436
0.182426 0.419691
0.177231 0.417051
0.172 0.425476
0.165914 0.429483
0.158428 0.426428
0.153488 0.433566
0.142722 0.430954
0.13184 0.423144
0.127944 0.433395
0.123107 0.426667
0.117346 0.430128
0.112321 0.434048
0.106 0.431667
0.0997143 0.436548
0.0926071 0.437381
0.0826597 0.44427
0.0689706 0.445886
0.063625 0.436944
0.0584231 0.445256
0.06306 0.452467
0.0550769 0.456154
0.0498929 0.451786
0.0443214 0.452619
0.0421447 0.442555
0.0371346 0.433213
0.0472452 0.435807
0.0530369 0.436401
0.0587478 0.429444
0.0555619 0.423807
0.0524979 0.423323
0.0491699 0.423423
0.0433917 0.417696
0.0505375 0.411297
0.0544943 0.411269
0.0577746 0.411407
0.0621 0.416067
0.0664167 0.425833
0.0709822 0.431706
0.0827474 0.428333
0.0955 0.425533
0.101192 0.42141
0.10998 0.419
0.114574 0.412531
0.119625 0.414444
0.1285 0.413271
0.12442 0.406467
0.119674 0.399203
0.114241 0.393889
0.109611 0.400926
0.105308 0.410256
0.100192 0.403205
0.09622 0.407133
0.0918566 0.413915
0.0827474 0.41
0.0710138 0.415285
0.0665909 0.40803
0.0717326 0.3993
0.0683253 0.391804
0.0631287 0.39685
0.0584039 0.398132
0.0535305 0.398405
0.0483412 0.396615
0.0407269 0.398799
0.0449409 0.382087
0.0488571 0.384048
0.053 0.388333
0.0567857 0.386667
0.0606818 0.388939
0.0658103 0.384036
0.0629 0.381667
0.059 0.378333
0.05525 0.373611
0.0527 0.378667
0.0491667 0.373333
0.0517143 0.36619
0.045017 0.366328
0.0484231 0.35782
0.0519167 0.354167
0.0551154 0.359615
0.0590385 0.356282
0.0621 0.352667
0.0658571 0.355714
0.0694298 0.34988
0.0675693 0.341674
0.0638846 0.342949
0.0596539 0.344231
0.0551667 0.346778
0.051 0.343889
0.057 0.335952
0.0534167 0.333889
0.0459081 0.327495
0.0567823 0.321892
0.060899 0.320342
0.0647308 0.320385
0.066 0.311
0.0619282 0.30774
0.0730021 0.308482
0.0694882 0.31575
0.0760977 0.320635
0.0681923 0.326538
0.061 0.332619
0.0649167 0.3325
0.0702731 0.333886
0.0788633 0.335568
0.0909009 0.330413
0.09639 0.330652
0.100991 0.331994
0.105058 0.334742
0.11111 0.331122
0.118077 0.334359
0.125961 0.33141
0.131003 0.335315
0.142438 0.341654
0.153368 0.34
0.156054 0.342124
0.15975 0.343056
0.162864 0.338636
0.167808 0.335256
0.172329 0.333
0.1642 0.331
0.159773 0.33197
0.154754 0.330936
0.157833 0.325278
0.153939 0.320878
0.142107 0.324505
0.140487 0.3075
0.129933 0.30118
0.1215 0.305
0.126042 0.309722
0.130272 0.318855
0.12238 0.323267
0.117738 0.318729
0.112441 0.317296
0.108244 0.315596
0.105032 0.320015
0.0987581 0.313279
0.0931297 0.312613
0.103715 0.308948
0.106885 0.302949
0.111416 0.306284
0.115899 0.304871
0.113079 0.295537
0.109389 0.296111
0.103278 0.296568
0.0987831 0.295422
0.0944819 0.291718
0.10366 0.284654
0.106885 0.289872
0.111192 0.286538
0.116047 0.289386
0.119751 0.289887
0.124508 0.291676
0.12957 0.285528
0.137474 0.277256
0.125867 0.277638
0.122485 0.279912
0.1195 0.278333
0.1165 0.276667
0.113423 0.276026
0.1104 0.275667
0.1075 0.276667
0.10414 0.275296
0.0990809 0.27825
0.0977629 0.266178
0.101714 0.267619
0.1058 0.265667
0.109864 0.265303
0.114786 0.264524
0.118591 0.266212
0.1215 0.268333
0.1245 0.268333
0.128293 0.268645
0.137462 0.262659
0.13274 0.259116
0.127789 0.257976
0.1245 0.258333
0.121136 0.25803
0.117136 0.255303
0.112136 0.256818
0.1095 0.253333
0.106833 0.257963
0.103115 0.256282
0.0987804 0.253504
0.101881 0.24545
0.104505 0.242345
0.107 0.248333
0.110955 0.244394
0.1145 0.249
0.1173 0.244667
0.121 0.248333
0.124864 0.248636
0.13 0.25
0.13564 0.247411
0.133269 0.244744
0.1313 0.235667
0.127643 0.240714
0.1239 0.237
0.120346 0.236795
0.1167 0.235
0.113214 0.236667
0.107682 0.237727
0.104992 0.229196
0.1103 0.229
0.107863 0.219302
0.11233 0.216203
0.11906 0.211723
0.122149 0.217897
0.114767 0.222778
0.118167 0.225833
0.122133 0.225524
0.125473 0.222677
0.128729 0.224657
0.135186 0.219557
0.143182 0.238133
0.153214 0.247143
0.156875 0.246458
0.160885 0.247051
0.164115 0.252949
0.168167 0.25
0.1717 0.251667
0.175167 0.247963
0.179595 0.244784
0.176 0.238333
0.1725 0.24
0.169591 0.239545
0.166409 0.239545
0.163269 0.239103
0.159 0.235952
0.154619 0.231524
0.158586 0.221966
0.162853 0.226765
0.1665 0.226667
0.1695 0.228333
0.172409 0.227121
0.176 0.228333
0.179671 0.234139
0.182365 0.226737
0.178885 0.219615
0.174864 0.218636
0.169682 0.217727
0.162856 0.212377
0.166912 0.211471
0.17175 0.209583
0.175833 0.210185
0.178 0.205
0.174648 0.197746
0.168346 0.189896
0.1798 0.1974
0.184213 0.194627
0.187217 0.207523
0.181423 0.211154
0.184423 0.214231
0.19088 0.215526
0.186346 0.223205
0.192544 0.228887
0.18875 0.230833
0.185301 0.235968
0.1883 0.241667
0.192247 0.242727
0.190361 0.253216
0.186761 0.250104
0.180591 0.254343
0.177611 0.253889
0.174864 0.258636
0.171045 0.261667
0.167045 0.259545
0.1607 0.258333
0.157409 0.259545
0.154269 0.259103
0.149272 0.258459
0.152 0.266667
0.148817 0.272009
0.154955 0.272273
0.1593 0.268333
0.162885 0.266538
0.1657 0.27
0.168885 0.270385
0.173864 0.26803
0.178136 0.265303
0.181384 0.266783
0.187913 0.2635
0.192827 0.264367
0.195881 0.278086
0.18901 0.277572
0.181462 0.27842
0.1785 0.275
0.175318 0.276515
0.171833 0.278056
0.178045 0.285
0.181221 0.288758
0.175577 0.291154
0.172136 0.288636
0.168917 0.284722
0.166136 0.282879
0.163409 0.279545
0.1605 0.278333
0.157318 0.277727
0.152038 0.280641
0.154833 0.28537
0.149884 0.287209
0.139439 0.291298
0.151226 0.300123
0.154136 0.294697
0.157591 0.290455
0.160409 0.289545
0.1636 0.292333
0.166833 0.295278
0.162 0.3
0.169167 0.301389
0.1725 0.298611
0.178164 0.299982
0.181656 0.298924
0.191312 0.295607
0.196965 0.303557
0.191667 0.316775
0.181357 0.314668
0.175145 0.307998
0.171314 0.311094
0.16775 0.313889
0.164885 0.307051
0.161 0.309
0.158115 0.302436
0.154885 0.306282
0.152087 0.313096
0.157864 0.315303
0.1615 0.32
0.1645 0.32
0.167864 0.325303
0.171319 0.321887
0.176923 0.324102
0.182063 0.3317
0.195685 0.328607
0.204505 0.328984
0.216577 0.323974
0.220269 0.320385
0.223583 0.317222
0.227417 0.322778
0.2305 0.323333
0.2334 0.325667
0.238417 0.327222
0.241829 0.325814
0.236136 0.319848
0.238625 0.314583
0.241495 0.313299
0.2359 0.307333
0.233 0.313333
0.228962 0.311154
0.225423 0.308846
0.219493 0.310307
0.222799 0.300924
0.227633 0.297889
0.231265 0.30049
0.234667 0.297778
0.23883 0.30333
0.250206 0.301005
0.260773 0.309223
0.264022 0.312332
0.267084 0.314697
0.270769 0.306154
0.275781 0.306146
0.28256 0.308939
0.288742 0.313586
0.293959 0.309864
0.305931 0.31211
0.31 0.314333
0.313864 0.311364
0.318 0.308333
0.322038 0.30782
0.325864 0.30803
0.331318 0.305606
0.335003 0.305014
0.334663 0.293691
0.3313 0.294667
0.3285 0.299
0.325 0.297381
0.320731 0.297051
0.3175 0.298333
0.314143 0.300714
0.3101 0.303667
0.306 0.300714
0.302714 0.30188
0.289399 0.295014
0.281333 0.293222
0.285983 0.283621
0.276426 0.286975
0.2715 0.287839
0.26605 0.295665
0.259733 0.294325
0.25605 0.288568
0.262875 0.285878
0.267672 0.277974
0.264143 0.275952
0.2605 0.275667
0.257989 0.280518
0.254375 0.28125
0.24272 0.275602
0.252591 0.271667
0.255409 0.270455
0.2582 0.267
0.2613 0.264667
0.2649 0.263667
0.269178 0.2661
0.274875 0.268854
0.280986 0.272048
0.287563 0.267708
0.299336 0.275716
0.304136 0.27197
0.308 0.271667
0.3138 0.272667
0.319143 0.279286
0.315318 0.280152
0.310885 0.280385
0.30725 0.283333
0.304 0.281667
0.300321 0.28669
0.303341 0.291932
0.308885 0.292436
0.312885 0.290385
0.317333 0.288611
0.322667 0.288056
0.327136 0.28803
0.330885 0.284231
0.333642 0.279962
0.326864 0.278636
0.323 0.278333
0.329167 0.271389
0.331896 0.267965
0.326417 0.265556
0.3235 0.268333
0.3205 0.268333
0.317115 0.267051
0.311583 0.266111
0.3085 0.261667
0.305417 0.260278
0.301941 0.264298
0.291992 0.253115
0.284676 0.251078
0.279 0.252843
0.27309 0.251006
0.267409 0.252177
0.263878 0.248104
0.261 0.254048
0.257 0.258333
0.250833 0.2625
0.253318 0.256515
0.247759 0.251264
0.250682 0.248939
0.255278 0.249815
0.258 0.246111
0.254 0.241667
0.249864 0.238636
0.245712 0.239449
0.252722 0.233519
0.255 0.226667
0.249731 0.227051
0.245971 0.226176
0.247492 0.210386
0.25647 0.200249
0.250583 0.214444
0.253441 0.216176
0.257962 0.220385
0.261585 0.226735
0.257714 0.23381
0.261115 0.239615
0.265419 0.233863
0.278644 0.23353
0.28454 0.22885
0.289588 0.237451
0.296262 0.233876
0.291498 0.218148
0.286238 0.207863
0.297135 0.211843
0.305517 0.212243
0.313118 0.223364
0.317167 0.222556
0.320709 0.213757
0.324874 0.217648
0.332093 0.220044
0.328217 0.223351
0.323833 0.226667
0.320115 0.229615
0.314115 0.232949
0.310135 0.231995
0.3067 0.238347
0.310864 0.241364
0.317423 0.237308
0.3225 0.236667
0.326967 0.235444
0.3315 0.232143
0.335839 0.231001
0.344089 0.2336
0.339125 0.240833
0.336409 0.242879
0.333569 0.24223
0.329976 0.243287
0.324682 0.244394
0.320786 0.246667
0.31725 0.249722
0.314115 0.246282
0.308 0.25
0.304271 0.249984
0.31125 0.253889
0.314682 0.258939
0.319808 0.258333
0.323786 0.256667
0.327227 0.251364
0.329935 0.256977
0.336673 0.256012
0.338625 0.25125
0.341125 0.249583
0.342318 0.258939
0.345344 0.262793
0.339551 0.265085
0.341802 0.273136
0.346961 0.273459
0.343136 0.281983
0.34719 0.287814
0.34331 0.292278
0.349346 0.299362
0.345187 0.301306
0.34882 0.313789
0.34539 0.3129
0.33645 0.314806
0.3333 0.315
0.329115 0.313718
0.325833 0.317963
0.321864 0.31803
0.3185 0.318333
0.315625 0.31875
0.312136 0.32197
0.307728 0.321985
0.297578 0.326525
0.2935 0.332889
0.288464 0.333095
0.283907 0.325617
0.277318 0.323283
0.271633 0.327
0.26648 0.326382
0.261217 0.322931
0.256005 0.326667
0.263201 0.332768
0.257955 0.343759
0.266742 0.344692
0.2797 0.338064
0.284607 0.346686
0.290179 0.351442
0.295378 0.354122
0.299584 0.346534
0.309037 0.347736
0.312833 0.348333
0.315591 0.350454
0.318667 0.35
0.3243 0.348333
0.328333 0.345556
0.333166 0.347213
0.336812 0.341784
0.331389 0.340556
0.336845 0.332173
0.3337 0.333333
0.329 0.334333
0.32575 0.337222
0.322409 0.339545
0.3197 0.34
0.3165 0.338333
0.31375 0.3375
0.310833 0.341296
0.308268 0.332432
0.3115 0.331667
0.3153 0.328333
0.3185 0.329
0.3215 0.328333
0.3243 0.326667
0.328136 0.325303
0.331808 0.324744
0.335927 0.323895
0.346085 0.327408
0.350166 0.330397
0.360467 0.332991
0.365248 0.328299
0.3685 0.33
0.3717 0.331667
0.374885 0.337051
0.381346 0.334231
0.3775 0.329242
0.3747 0.324667
0.38 0.324333
0.384 0.326667
0.3875 0.323333
0.390136 0.326818
0.394269 0.327051
0.397916 0.327536
0.40821 0.326795
0.408784 0.312351
0.405565 0.31334
0.397498 0.318244
0.392667 0.318056
0.388885 0.311923
0.385318 0.315909
0.382409 0.312879
0.379143 0.314048
0.375167 0.314722
0.371214 0.32
0.366913 0.316739
0.362538 0.31201
0.366668 0.3042
0.369583 0.307778
0.372864 0.30803
0.377333 0.304722
0.382 0.302333
0.385917 0.304167
0.3912 0.305333
0.393625 0.30875
0.39671 0.307857
0.394328 0.297453
0.389583 0.297222
0.384136 0.294697
0.379714 0.294286
0.3765 0.293333
0.372808 0.298333
0.368204 0.293538
0.370638 0.28612
0.373409 0.287121
0.375554 0.281043
0.378334 0.276748
0.381864 0.275303
0.384727 0.270152
0.39054 0.26752
0.395061 0.267461
0.399346 0.276282
0.395 0.278333
0.391 0.278333
0.3875 0.276026
0.384591 0.283788
0.3813 0.285
0.387409 0.289545
0.391136 0.28803
0.395061 0.287854
0.39847 0.285764
0.404167 0.286111
0.401063 0.290076
0.403293 0.300435
0.406632 0.299254
0.416598 0.29948
0.42 0.303333
0.426083 0.304167
0.4295 0.304333
0.4325 0.305
0.4385 0.303333
0.442 0.308333
0.4455 0.308333
0.448413 0.302124
0.454093 0.304753
0.448919 0.312325
0.445957 0.319186
0.4425 0.319
0.438833 0.315833
0.4351 0.313667
0.431409 0.316212
0.428591 0.317121
0.425833 0.315
0.423045 0.309545
0.418519 0.313053
0.422 0.318333
0.419605 0.324758
0.4255 0.325
0.433591 0.326212
0.436409 0.326212
0.439833 0.326667
0.4313 0.330667
0.428591 0.329545
0.422808 0.331154
0.426 0.335667
0.419677 0.336015
0.409861 0.341778
0.421163 0.343749
0.424136 0.347424
0.426611 0.34537
0.430143 0.342619
0.433654 0.341154
0.437045 0.337121
0.441623 0.335096
0.444715 0.329668
0.449961 0.330769
0.454055 0.322531
0.458538 0.329359
0.463682 0.327525
0.468258 0.334195
0.473017 0.326839
0.477032 0.333524
0.489312 0.331172
0.500776 0.32218
0.504272 0.326981
0.50895 0.323656
0.513326 0.325435
0.517706 0.321922
0.52377 0.32719
0.530079 0.327289
0.5355 0.327754
0.540222 0.325865
0.543942 0.327656
0.54768 0.328058
0.551275 0.325582
0.557278 0.325926
0.563227 0.316466
0.552111 0.316014
0.554534 0.309124
0.55 0.307667
0.5444 0.308667
0.547954 0.314394
0.544864 0.318636
0.541115 0.314231
0.53793 0.312159
0.534468 0.310564
0.531742 0.30981
0.529524 0.313909
0.526056 0.315724
0.521966 0.314295
0.518522 0.309294
0.515669 0.303757
0.513142 0.307947
0.50977 0.304275
0.505458 0.309861
0.500638 0.304192
0.489439 0.312782
0.477762 0.313016
0.469214 0.314405
0.459278 0.31179
0.464638 0.306724
0.4726 0.302111
0.488389 0.292617
0.477603 0.293369
0.472625 0.285555
0.467215 0.290112
0.463192 0.288179
0.459814 0.294937
0.454572 0.289094
0.44945 0.293425
0.445115 0.296282
0.441682 0.29803
0.4355 0.3
0.4323 0.295333
0.4272 0.294667
0.423 0.296667
0.418955 0.292273
0.415312 0.286834
0.417167 0.279444
0.412775 0.274499
0.420115 0.273718
0.424333 0.271389
0.43 0.273333
0.435 0.273333
0.4401 0.269667
0.437611 0.266111
0.442944 0.263148
0.440833 0.258333
0.445136 0.258333
0.449214 0.26
0.453008 0.262181
0.458207 0.255622
0.463887 0.253242
0.461361 0.24484
0.453049 0.248511
0.4494 0.247667
0.446625 0.25125
0.4425 0.246905
0.438682 0.253182
0.43525 0.259444
0.432143 0.264286
0.427917 0.265
0.424864 0.261364
0.421 0.261667
0.417409 0.266212
0.414773 0.264697
0.406468 0.258076
0.4175 0.254444
0.419864 0.246515
0.422591 0.250455
0.4257 0.251333
0.429115 0.253718
0.432346 0.249872
0.435885 0.247051
0.439417 0.240556
0.433682 0.237727
0.429591 0.241061
0.425808 0.241667
0.421715 0.234545
0.426333 0.231944
0.431046 0.232273
0.429568 0.22204
0.433926 0.219356
0.437885 0.219615
0.444 0.215
0.440344 0.209041
0.447816 0.210954
0.452532 0.213323
0.458505 0.213205
0.46403 0.213719
0.449714 0.222857
0.4447 0.224667
0.441071 0.224762
0.4352 0.228667
0.437682 0.233182
0.443 0.235
0.446136 0.24197
0.450286 0.237143
0.447 0.230556
0.453411 0.230095
0.458726 0.232204
0.466351 0.231253
0.47172 0.237785
0.477261 0.245293
0.482735 0.252836
0.472478 0.258866
0.467731 0.257611
0.464864 0.265303
0.461115 0.263718
0.457651 0.270659
0.451996 0.273179
0.447857 0.270714
0.444115 0.272949
0.4408 0.279333
0.4377 0.28
0.432333 0.281667
0.427682 0.280151
0.4238 0.28
0.421045 0.285606
0.425167 0.287963
0.429864 0.289848
0.43525 0.287222
0.438917 0.290833
0.443115 0.286282
0.4469 0.283
0.450707 0.283273
0.459 0.281472
0.462115 0.275769
0.4655 0.276667
0.46879 0.274527
0.475411 0.273025
0.48575 0.273192
0.496808 0.258425
0.508639 0.255529
0.511967 0.253889
0.516 0.252619
0.519833 0.248704
0.5224 0.255667
0.525583 0.253611
0.529115 0.257051
0.5325 0.257222
0.535714 0.254048
0.531667 0.248056
0.527333 0.244722
0.522833 0.243333
0.518714 0.239048
0.514812 0.241042
0.508229 0.241635
0.516281 0.224569
0.520885 0.229615
0.52425 0.233889
0.5275 0.235
0.530864 0.238636
0.533917 0.234444
0.537667 0.228333
0.542643 0.228095
0.546611 0.22537
0.554803 0.222619
0.548142 0.217322
0.544 0.215952
0.54 0.221
0.534864 0.223182
0.530633 0.226778
0.526571 0.22381
0.523003 0.219598
0.528123 0.213472
0.532039 0.215513
0.536143 0.212619
0.539978 0.211232
0.536339 0.194079
0.548779 0.195578
0.560426 0.205604
0.57076 0.224065
0.561503 0.235716
0.55423 0.23788
0.549374 0.23259
0.545167 0.235833
0.5398 0.236
0.536045 0.241061
0.541611 0.242778
0.538833 0.248056
0.544136 0.246818
0.548245 0.245213
0.557193 0.249116
0.550462 0.254803
0.545833 0.256667
0.542409 0.257121
0.539269 0.259615
0.534136 0.265303
0.537654 0.269872
0.534056 0.273889
0.530346 0.270128
0.526917 0.265833
0.523115 0.266282
0.517045 0.266212
0.519417 0.259444
0.5139 0.262667
0.508443 0.26612
0.511962 0.271154
0.5157 0.275
0.52 0.273333
0.5252 0.275333
0.527864 0.279848
0.522571 0.282143
0.5178 0.282667
0.5144 0.284333
0.511167 0.2825
0.508117 0.27914
0.503849 0.275071
0.499091 0.286364
0.5045 0.291667
0.509255 0.291948
0.512833 0.294167
0.516955 0.294394
0.52 0.29
0.526 0.289444
0.523682 0.295909
0.521045 0.301061
0.525333 0.305556
0.528136 0.300455
0.530417 0.295833
0.533583 0.297222
0.537808 0.301667
0.5419 0.299667
0.545833 0.300556
0.549625 0.29875
0.552962 0.298846
0.557433 0.29915
0.563028 0.29816
0.575718 0.290707
0.573896 0.275901
0.561018 0.281748
0.555461 0.277509
0.552 0.28
0.549167 0.286111
0.553827 0.288837
0.547389 0.292778
0.544591 0.287424
0.541214 0.28619
0.5385 0.291
0.535625 0.29125
0.530318 0.284697
0.533136 0.282879
0.536864 0.281364
0.540833 0.274722
0.545318 0.277727
0.548917 0.274167
0.543167 0.268611
0.547269 0.265769
0.55239 0.266737
0.558488 0.265344
0.570857 0.261392
0.566853 0.248059
0.580874 0.248956
0.591504 0.257141
0.596 0.26
0.599346 0.263462
0.602864 0.264697
0.60625 0.267222
0.6093 0.266667
0.6118 0.273
0.615115 0.269615
0.6187 0.268333
0.620045 0.276515
0.625214 0.27619
0.6283 0.276
0.6308 0.278
0.633318 0.272273
0.636341 0.27817
0.641879 0.282586
0.632992 0.287363
0.629913 0.289711
0.625667 0.288056
0.62 0.288333
0.6225 0.281667
0.61675 0.280556
0.613115 0.282949
0.609409 0.280455
0.6067 0.28
0.603833 0.28463
0.598045 0.282879
0.600591 0.276212
0.6037 0.275
0.596833 0.2725
0.593214 0.270476
0.589929 0.266436
0.584122 0.270475
0.588789 0.277689
0.59425 0.2825
0.591318 0.284394
0.58671 0.288696
0.589773 0.293788
0.59375 0.296389
0.596864 0.29197
0.600885 0.290385
0.6063 0.291667
0.609962 0.29218
0.613722 0.293889
0.616 0.293333
0.618125 0.294167
0.6227 0.296667
0.628591 0.297727
0.6255 0.299
0.620389 0.301296
0.617654 0.306795
0.614591 0.306212
0.6115 0.301667
0.606682 0.30197
0.6035 0.297667
0.597417 0.302778
0.600654 0.303462
0.603955 0.309545
0.608864 0.307424
0.6122 0.312667
0.621107 0.313682
0.624073 0.310569
0.627646 0.309236
0.631561 0.306354
0.636098 0.312093
0.638713 0.318259
0.642936 0.325017
0.63316 0.325015
0.62703 0.324456
0.621395 0.326502
0.617753 0.320353
0.614453 0.321058
0.610044 0.318926
0.605333 0.3175
0.6015 0.316667
0.5985 0.315667
0.595409 0.310455
0.592389 0.309074
0.590682 0.303182
0.58722 0.303636
0.576565 0.305139
0.578164 0.317806
0.588192 0.315193
0.592 0.318333
0.595833 0.3225
0.588696 0.326788
0.592917 0.329167
0.597115 0.332949
0.601437 0.335545
0.604567 0.329992
0.6005 0.326111
0.607849 0.324514
0.611905 0.33194
0.616644 0.339114
0.623315 0.340226
0.62875 0.33875
0.63375 0.342738
0.638914 0.336954
0.646773 0.335369
0.658379 0.334893
0.662051 0.323148
0.671082 0.3284
0.676806 0.328538
0.674253 0.337179
0.679969 0.339112
0.686395 0.332836
0.693274 0.330161
0.699071 0.324881
0.704601 0.321929
0.715842 0.31903
0.720214 0.32
0.723864 0.321364
0.727115 0.326282
0.731 0.321667
0.734591 0.319545
0.737417 0.319722
0.739955 0.316515
0.741808 0.325513
0.745227 0.324091
0.749243 0.328187
0.755292 0.329722
0.745548 0.336237
0.742591 0.337121
0.739409 0.333788
0.7365 0.332333
0.7335 0.331
0.729917 0.332222
0.723591 0.332273
0.720591 0.332879
0.717438 0.3297
0.708263 0.334209
0.704574 0.343272
0.699086 0.341437
0.689562 0.34429
0.693776 0.34969
0.697599 0.358178
0.702265 0.359376
0.706739 0.362635
0.710233 0.352822
0.719408 0.354954
0.723038 0.357051
0.726864 0.354697
0.729 0.361667
0.725409 0.366212
0.719384 0.365586
0.722417 0.369722
0.717565 0.374552
0.720962 0.380641
0.725045 0.379545
0.728 0.387381
0.732 0.388333
0.737 0.381
0.7345 0.379
0.731 0.378333
0.7277 0.373333
0.7309 0.368333
0.733591 0.366212
0.7365 0.366667
0.7395 0.368333
0.7423 0.373333
0.73975 0.379722
0.744419 0.381519
0.747973 0.381617
0.75254 0.382067
0.75725 0.374028
0.761307 0.37859
0.765458 0.380278
0.772577 0.381154
0.778077 0.384231
0.768416 0.390833
0.773 0.399048
0.777393 0.405
0.784083 0.404861
0.793923 0.412308
0.79025 0.422143
0.78558 0.417
0.7791 0.419266
0.773741 0.423276
0.7695 0.415694
0.766818 0.406818
0.762866 0.400444
0.7577 0.393889
0.751944 0.397593
0.758678 0.412738
0.753615 0.413333
0.748121 0.411896
0.74258 0.415667
0.73788 0.420831
0.733997 0.422216
0.728791 0.414664
0.725335 0.409838
0.731584 0.409816
0.7345 0.406667
0.737885 0.406953
0.741452 0.402801
0.745486 0.396892
0.741885 0.390385
0.7385 0.393333
0.7355 0.393333
0.731864 0.39803
0.7281 0.399667
0.724066 0.399186
0.720658 0.396531
0.723667 0.388611
0.717706 0.386771
0.712297 0.38803
0.705468 0.390409
0.698268 0.398804
0.706553 0.411428
0.711017 0.404425
0.7163 0.405
0.720077 0.416025
0.7135 0.421344
0.706579 0.428644
0.711123 0.436617
0.718178 0.432738
0.723952 0.429731
0.729654 0.432051
0.740462 0.433718
0.74558 0.4282
0.751031 0.430521
0.756875 0.430521
0.763048 0.424032
0.768891 0.430797
0.777678 0.436429
0.782885 0.431154
0.787315 0.438086
0.792845 0.442356
0.795906 0.431104
0.799331 0.421199
0.8048 0.423124
0.808137 0.41803
0.804047 0.412608
0.808039 0.407821
0.811786 0.413333
0.815 0.408333
0.817962 0.403718
0.821945 0.401296
0.819833 0.39537
0.826022 0.392914
0.822864 0.389848
0.828861 0.382046
0.825229 0.380085
0.820638 0.381972
0.8175 0.388333
0.814214 0.386667
0.809628 0.389116
0.813654 0.398077
0.810417 0.399444
0.806243 0.397743
0.802611 0.402164
0.797327 0.400977
0.79003 0.398752
0.781273 0.393636
0.785613 0.386309
0.790029 0.383952
0.793862 0.386544
0.800893 0.385714
0.805647 0.382111
0.810731 0.379359
0.807491 0.373307
0.811136 0.369545
0.814833 0.374722
0.818646 0.372645
0.816682 0.365606
0.813045 0.362273
0.808885 0.359615
0.805646 0.364814
0.800848 0.363696
0.797484 0.374381
0.793162 0.374545
0.791113 0.367915
0.787811 0.372766
0.782567 0.368889
0.7775 0.37
0.772463 0.364259
0.767875 0.365972
0.7635 0.359524
0.758833 0.354753
0.75414 0.363
0.749692 0.363974
0.7448 0.365476
0.74175 0.359444
0.7387 0.356667
0.736 0.352667
0.7335 0.354333
0.730773 0.35197
0.726682 0.345303
0.722 0.346667
0.718758 0.342741
0.725 0.339333
0.73 0.341667
0.734 0.341667
0.737955 0.343788
0.741227 0.347727
0.744539 0.3499
0.748891 0.346594
0.75338 0.344867
0.758643 0.339444
0.764016 0.339731
0.768722 0.346852
0.773741 0.345575
0.780273 0.344091
0.777804 0.356159
0.78422 0.350467
0.788375 0.355278
0.793727 0.35604
0.79803 0.351484
0.80469 0.353233
0.808128 0.346286
0.8113 0.351667
0.815 0.353333
0.818757 0.356224
0.82011 0.345547
0.816143 0.342619
0.811962 0.341154
0.8088 0.334667
0.804802 0.339447
0.801603 0.339361
0.79884 0.335793
0.794849 0.337683
0.789092 0.338086
0.784423 0.330128
0.779364 0.330758
0.774577 0.328718
0.769389 0.328333
0.762 0.32369
0.7667 0.315933
0.75786 0.315
0.7527 0.316667
0.74711 0.316269
0.743731 0.311154
0.740591 0.307121
0.735423 0.307308
0.7317 0.311667
0.727864 0.314697
0.723773 0.312273
0.718433 0.309667
0.713787 0.308448
0.701544 0.308395
0.694964 0.312857
0.688441 0.315392
0.682654 0.322436
0.677752 0.315355
0.674039 0.318698
0.670114 0.312379
0.658793 0.312393
0.647353 0.31299
0.641683 0.306462
0.635848 0.300718
0.638943 0.296764
0.646931 0.293639
0.659938 0.296369
0.65853 0.279519
0.669595 0.278536
0.674833 0.277222
0.679158 0.273538
0.68482 0.275267
0.689464 0.279881
0.698652 0.275759
0.694375 0.2825
0.682587 0.289203
0.677846 0.285965
0.673833 0.286667
0.66977 0.288769
0.671801 0.297481
0.676262 0.298001
0.682 0.305
0.687357 0.297619
0.692672 0.298103
0.698714 0.29577
0.711187 0.298833
0.715577 0.299615
0.7184 0.294667
0.7208 0.299
0.722611 0.303519
0.7255 0.303333
0.7285 0.304333
0.732 0.302333
0.737885 0.299615
0.741318 0.295606
0.7441 0.297667
0.74675 0.303611
0.749591 0.307363
0.754384 0.301625
0.759033 0.297609
0.762522 0.303654
0.770577 0.303461
0.774154 0.311154
0.778884 0.314615
0.782833 0.309306
0.787464 0.317024
0.792521 0.317416
0.79287 0.328058
0.796833 0.325833
0.800682 0.324091
0.803591 0.327121
0.8065 0.329
0.811056 0.327222
0.813591 0.330455
0.816409 0.330455
0.819591 0.333788
0.822581 0.335431
0.823057 0.324069
0.8185 0.323333
0.820389 0.316111
0.816864 0.314697
0.8135 0.318636
0.809167 0.321296
0.806318 0.316818
0.801955 0.314394
0.798045 0.316212
0.795 0.311111
0.799045 0.306212
0.802 0.3
0.796 0.3
0.791855 0.303994
0.786907 0.297716
0.793044 0.290944
0.798833 0.292556
0.803 0.286667
0.80726 0.28207
0.800088 0.279932
0.796031 0.282289
0.787 0.281458
0.7814 0.291333
0.776266 0.293778
0.766343 0.297144
0.762714 0.290476
0.759885 0.283718
0.755718 0.288407
0.749402 0.292858
0.745583 0.288889
0.748066 0.280286
0.74425 0.278333
0.741115 0.283718
0.737885 0.287564
0.7341 0.293
0.730409 0.292879
0.72675 0.293889
0.724227 0.287424
0.721417 0.287222
0.727885 0.282949
0.73475 0.280833
0.731667 0.279722
0.729 0.273333
0.724423 0.275769
0.7194 0.281
0.715885 0.287051
0.712333 0.29
0.708277 0.286127
0.711008 0.281013
0.7143 0.276667
0.711206 0.271603
0.717 0.272778
0.72025 0.270278
0.7231 0.266
0.7265 0.266667
0.7303 0.266
0.735318 0.271061
0.738786 0.273333
0.742571 0.269048
0.746861 0.267322
0.75262 0.2718
0.756823 0.276821
0.761388 0.270934
0.764218 0.276036
0.766575 0.283368
0.771706 0.282059
0.777214 0.274048
0.7825 0.268854
0.791094 0.269271
0.796948 0.265
0.803829 0.270188
0.813155 0.274655
0.818781 0.272812
0.824412 0.261905
0.833523 0.256462
0.838156 0.254539
0.847239 0.246029
0.850192 0.249103
0.853773 0.247121
0.855456 0.254402
0.847991 0.259064
0.852 0.260714
0.855845 0.266059
0.852136 0.27197
0.848922 0.26996
0.839648 0.275025
0.834742 0.27824
0.826364 0.280039
0.823021 0.283826
0.826086 0.29362
0.822006 0.293904
0.818171 0.29252
0.813526 0.29078
0.809106 0.292044
0.805269 0.295513
0.810891 0.300888
0.8075 0.304333
0.804318 0.308939
0.81 0.312333
0.813384 0.307563
0.816902 0.304253
0.8205 0.303182
0.825805 0.304557
0.822864 0.308636
0.82517 0.315426
0.834465 0.311273
0.837896 0.314781
0.840029 0.308868
0.835909 0.302153
0.839877 0.296826
0.834523 0.292197
0.837552 0.289194
0.848941 0.285452
0.851318 0.28197
0.854857 0.282381
0.857466 0.275525
0.865491 0.274042
0.86929 0.273628
0.863344 0.265245
0.866591 0.260455
0.870262 0.259678
0.863786 0.253333
0.860486 0.252523
0.867093 0.245715
0.8631 0.240333
0.858967 0.241889
0.855917 0.238611
0.851714 0.237143
0.847158 0.233657
0.836119 0.2332
0.83075 0.238118
0.825128 0.237222
0.820227 0.250757
0.814984 0.25672
0.808941 0.260882
0.802067 0.253444
0.797071 0.246905
0.791614 0.249381
0.786138 0.25537
0.777941 0.251966
0.772716 0.25473
0.764393 0.253127
0.768681 0.262677
0.75815 0.263046
0.751577 0.256795
0.743107 0.257483
0.739214 0.260476
0.7362 0.258333
0.7335 0.262576
0.731056 0.257222
0.727625 0.257917
0.724625 0.257917
0.720863 0.25803
0.717346 0.259872
0.713936 0.26325
0.715097 0.24973
0.705632 0.244963
0.698635 0.248874
0.702532 0.262199
0.6943 0.262524
0.688986 0.258714
0.683299 0.259092
0.678254 0.25161
0.673997 0.250174
0.669583 0.253611
0.66647 0.252602
0.672583 0.259722
0.67673 0.264131
0.6735 0.269444
0.670722 0.269444
0.668114 0.265662
0.656582 0.263033
0.646603 0.273112
0.641587 0.265869
0.636116 0.263246
0.632 0.263333
0.6285 0.265
0.6255 0.263333
0.622583 0.264444
0.619773 0.258939
0.615962 0.25782
0.612136 0.261364
0.60775 0.256389
0.612667 0.251667
0.617318 0.247727
0.620409 0.246212
0.623 0.251111
0.625954 0.248333
0.628423 0.253205
0.6313 0.253333
0.634214 0.249524
0.638021 0.25259
0.643951 0.252477
0.65351 0.247224
0.649286 0.232859
0.643847 0.23371
0.638039 0.230046
0.634269 0.237051
0.638055 0.241652
0.63075 0.240556
0.626961 0.23782
0.622961 0.237051
0.619083 0.235833
0.6155 0.24
0.6125 0.241
0.609591 0.246212
0.6061 0.248667
0.6029 0.253667
0.599136 0.25197
0.5938 0.250667
0.596109 0.244664
0.599404 0.239728
0.603 0.241667
0.6065 0.236667
0.602911 0.229575
0.591199 0.227568
0.606633 0.223222
0.61 0.231667
0.613864 0.230152
0.617 0.226667
0.620115 0.223205
0.624286 0.227143
0.629071 0.228333
0.633312 0.226667
0.626833 0.217889
0.623062 0.214167
0.6195 0.209762
0.616083 0.215278
0.612857 0.21881
0.609988 0.215271
0.60311 0.203834
0.614668 0.200566
0.621307 0.199107
0.625176 0.199467
0.631919 0.197963
0.636798 0.201074
0.628633 0.206778
0.631233 0.215222
0.634714 0.21381
0.638129 0.216967
0.644414 0.211512
0.657129 0.201829
0.659621 0.218019
0.661226 0.220662
0.664148 0.219965
0.667313 0.227708
0.670755 0.229964
0.663618 0.233118
0.666634 0.241437
0.670885 0.242949
0.674413 0.236216
0.687002 0.239133
0.693379 0.238592
0.700683 0.227977
0.69535 0.21517
0.705944 0.210178
0.707811 0.227668
0.716232 0.228427
0.727486 0.230946
0.73486 0.230261
0.746159 0.241553
0.758 0.242692
0.767089 0.224564
0.781868 0.240608
0.787817 0.230484
0.79568 0.230281
0.801988 0.23119
0.806467 0.241882
0.811875 0.241042
0.816926 0.231894
0.821537 0.221635
0.810285 0.218746
0.82645 0.2052
0.833069 0.214558
0.843975 0.211849
0.849834 0.225889
0.853752 0.226111
0.857155 0.228318
0.861333 0.228569
0.917655 0.223327
0.903431 0.252158
0.912573 0.253962
0.919042 0.257375
0.931923 0.257345
0.922818 0.269614
0.914 0.270168
0.908029 0.265098
0.89837 0.275052
0.903661 0.277688
0.907571 0.287619
0.912629 0.284396
0.92419 0.285134
0.928803 0.294922
0.916313 0.296563
0.9119 0.302067
0.906589 0.306383
0.900957 0.296619
0.894825 0.296323
0.875247 0.290653
0.869808 0.296068
0.867365 0.285194
0.858789 0.288122
0.855389 0.29537
0.8527 0.293333
0.849981 0.298043
0.857591 0.300455
0.860528 0.302123
0.853885 0.306282
0.850059 0.308088
0.849216 0.317415
0.852833 0.3175
0.857116 0.312949
0.861353 0.313916
0.871899 0.313103
0.876677 0.320696
0.892236 0.318159
0.897995 0.318127
0.901788 0.318222
0.905222 0.322706
0.908664 0.327425
0.9125 0.318704
0.917084 0.316946
0.927236 0.312522
0.933591 0.324975
0.927134 0.332747
0.91632 0.334747
0.910344 0.340026
0.906164 0.336656
0.902654 0.333205
0.8995 0.333333
0.896177 0.332346
0.891177 0.339193
0.897002 0.347068
0.900862 0.345932
0.904682 0.345592
0.902263 0.355894
0.907102 0.353113
0.913458 0.350972
0.918197 0.351011
0.930074 0.348044
0.936796 0.358946
0.929582 0.367108
0.935769 0.383944
0.929714 0.386905
0.91803 0.390931
0.911629 0.382849
0.918221 0.375638
0.91566 0.3662
0.910458 0.364861
0.906535 0.374881
0.90182 0.3718
0.896899 0.367
0.892308 0.360513
0.888459 0.354101
0.875099 0.357441
0.87375 0.338271
0.862129 0.346604
0.856 0.354615
0.849845 0.35142
0.846436 0.34769
0.848238 0.338706
0.852347 0.339237
0.856858 0.336448
0.861938 0.327608
0.858784 0.323993
0.855409 0.325
0.852 0.328333
0.848291 0.328018
0.838478 0.326092
0.834489 0.32279
0.832989 0.332899
0.836939 0.334726
0.833654 0.342436
0.837903 0.345578
0.831238 0.34962
0.835227 0.352576
0.835215 0.361905
0.830408 0.36023
0.827451 0.368714
0.829625 0.372083
0.832747 0.371252
0.84436 0.369494
0.846541 0.359714
0.851335 0.366853
0.85594 0.373
0.86006 0.364467
0.863839 0.367575
0.875252 0.374346
0.887284 0.37385
0.892339 0.379946
0.899209 0.387581
0.904437 0.392187
0.91422 0.398867
0.90981 0.401896
0.905958 0.411389
0.901597 0.411129
0.896099 0.41
0.890257 0.404697
0.894731 0.394359
0.886274 0.391667
0.875822 0.389139
0.863473 0.386738
0.858685 0.387469
0.852846 0.385897
0.847607 0.381071
0.841606 0.387521
0.836635 0.402027
0.84225 0.402222
0.847426 0.39858
0.8533 0.400067
0.859393 0.405357
0.864308 0.405458
0.875907 0.404062
0.884726 0.410806
0.876264 0.418725
0.881738 0.429006
0.887714 0.425952
0.892321 0.425952
0.898017 0.426494
0.9028 0.434667
0.90726 0.434733
0.912892 0.438571
0.918126 0.43489
0.90958 0.422067
0.914463 0.419938
0.918305 0.410935
0.929776 0.406799
0.937264 0.409748
0.931263 0.425793
0.929181 0.445544
0.936579 0.445621
0.93263 0.46446
0.917491 0.455405
0.91248 0.455671
0.907586 0.454076
0.902736 0.457988
0.896243 0.462817
0.890062 0.467438
0.883711 0.471873
0.878185 0.473536
0.872296 0.478348
0.865958 0.478987
0.859816 0.481754
0.87374 0.50555
0.86663 0.506936
0.859909 0.507805
0.853771 0.506711
0.845054 0.50896
0.849513 0.513638
0.855853 0.520349
0.862237 0.521365
0.867587 0.521854
0.872498 0.520142
0.878049 0.515871
0.881528 0.506774
0.88648 0.506664
0.891255 0.500908
0.897009 0.502358
0.896885 0.491088
0.903332 0.492166
0.909622 0.48836
0.916099 0.48774
0.928274 0.492206
0.93266 0.497238
0.94078 0.504061
0.937802 0.558756
0.93352 0.604888
0.927873 0.640138
0.920983 0.668142
0.912905 0.695673
0.901746 0.722086
0.888839 0.743942
0.874803 0.75759
0.860211 0.763085
0.84156 0.753135
0.825337 0.716926
0.793178 0.688062
0.785843 0.709094
0.776658 0.724118
0.76367 0.716001
0.754904 0.673305
0.79916 0.657345
0.807651 0.626714
0.805636 0.580589
0.833561 0.567477
0.805989 0.535065
0.829649 0.520675
0.836704 0.505365
0.840947 0.500914
0.833731 0.490791
0.824452 0.481318
0.836216 0.469777
0.841464 0.470625
0.846316 0.476317
0.852345 0.478659
0.857 0.47
0.8617 0.4638
0.86594 0.460067
0.870357 0.465
0.875066 0.457222
0.880051 0.451952
0.885792 0.457361
0.890879 0.448563
0.899041 0.446528
0.894792 0.442361
0.8855 0.44216
0.874979 0.436101
0.870138 0.44836
0.86439 0.440789
0.858292 0.431111
0.851214 0.428095
0.863181 0.422908
0.85638 0.417267
0.851452 0.412936
0.846426 0.416975
0.841364 0.415909
0.836615 0.418846
0.831489 0.414256
0.826989 0.424835
0.832917 0.430139
0.840769 0.431282
0.845678 0.43631
0.85 0.445278
0.854804 0.441377
0.859808 0.448205
0.854708 0.457361
0.849875 0.462361
0.845307 0.456538
0.831207 0.459799
0.836773 0.45697
0.8411 0.449
0.836077 0.441923
0.83006 0.443
0.819209 0.441579
0.805233 0.455957
0.794795 0.462269
0.789177 0.454524
0.782641 0.45
0.776036 0.448871
0.771018 0.444753
0.765648 0.442654
0.761323 0.444367
0.75644 0.448169
0.751516 0.448421
0.746568 0.446399
0.74175 0.449167
0.736343 0.445833
0.731611 0.447592
0.726463 0.447593
0.7211 0.448222
0.715083 0.44789
0.709616 0.453852
0.698542 0.460418
0.701147 0.473139
0.691442 0.472363
0.683267 0.472507
0.677173 0.46338
0.683984 0.45672
0.689571 0.459047
0.6955 0.449062
0.69054 0.4426
0.685393 0.440238
0.678318 0.447573
0.680297 0.433626
0.692933 0.430482
0.688299 0.423155
0.683583 0.422341
0.664913 0.426404
0.650614 0.426267
0.654371 0.416238
0.637651 0.416481
0.631045 0.423586
0.625015 0.425808
0.61843 0.429482
0.607574 0.435123
0.60286 0.4314
0.599417 0.424444
0.594045 0.425606
0.589051 0.419368
0.583318 0.417359
0.572446 0.41968
0.571548 0.403968
0.576225 0.401878
0.585847 0.401866
0.591292 0.402083
0.595389 0.405247
0.599654 0.407564
0.604125 0.4075
0.607427 0.417514
0.616341 0.411682
0.621428 0.410714
0.626566 0.406111
0.6322 0.406111
0.637977 0.402519
0.64186 0.392682
0.65317 0.400763
0.657742 0.396386
0.665738 0.403028
0.671781 0.40595
0.675871 0.392166
0.679263 0.385096
0.682727 0.386098
0.685811 0.383622
0.689597 0.387137
0.694926 0.387669
0.691081 0.380443
0.687 0.374048
0.682963 0.372816
0.672992 0.36272
0.668933 0.361221
0.676388 0.351933
0.670175 0.345574
0.661122 0.348325
0.657126 0.35926
0.6603 0.371675
0.667875 0.377958
0.656016 0.380875
0.643904 0.376125
0.6372 0.384
0.631156 0.389687
0.624093 0.390521
0.617788 0.393503
0.607898 0.395921
0.602468 0.389194
0.597088 0.385
0.591308 0.384487
0.586478 0.383741
0.574459 0.387297
0.576829 0.376004
0.57751 0.361021
0.587734 0.364236
0.59326 0.3702
0.6026 0.371778
0.608862 0.378293
0.618797 0.375034
0.622708 0.372083
0.627321 0.374048
0.632914 0.371896
0.6395 0.368086
0.645891 0.357566
0.641928 0.350357
0.636077 0.356667
0.629176 0.356176
0.622525 0.355751
0.612958 0.355494
0.608428 0.362381
0.597638 0.362126
0.592041 0.354583
0.603052 0.353965
0.607879 0.344195
0.598961 0.344024
0.59487 0.341778
0.591133 0.338179
0.587925 0.342349
0.577822 0.346119
0.577321 0.331905
0.563771 0.336107
0.558206 0.344902
0.5511 0.341444
0.543239 0.342826
0.5385 0.342246
0.53356 0.34413
0.52837 0.342246
0.523583 0.341389
0.518093 0.338086
0.512542 0.341805
0.508477 0.345047
0.505627 0.338892
0.502411 0.337146
0.49977 0.336781
0.48856 0.34505
0.499398 0.350533
0.50262 0.349072
0.505054 0.356201
0.51546 0.354467
0.520136 0.354394
0.524583 0.358611
0.529417 0.358055
0.534 0.3625
0.538685 0.358481
0.545814 0.353563
0.553107 0.354881
0.563256 0.355858
0.558 0.366428
0.562089 0.374951
0.554 0.373077
0.548593 0.368104
0.545392 0.380685
0.552269 0.385897
0.559451 0.391237
0.554018 0.400309
0.547909 0.393485
0.541678 0.39369
0.531526 0.389742
0.534516 0.376559
0.529215 0.375824
0.52463 0.374255
0.519467 0.373111
0.514042 0.36875
0.509224 0.363391
0.50086 0.3662
0.497292 0.375031
0.504469 0.379271
0.509722 0.381543
0.515 0.386667
0.520048 0.393387
0.523056 0.404626
0.515133 0.406555
0.509821 0.398333
0.504722 0.400185
0.499937 0.392812
0.494149 0.391309
0.483188 0.384313
0.479507 0.394725
0.473562 0.388646
0.468647 0.393921
0.463562 0.400833
0.45554 0.397533
0.45921 0.411451
0.452857 0.411905
0.448431 0.407643
0.443808 0.41359
0.43825 0.416667
0.430082 0.408648
0.43558 0.4054
0.440796 0.39858
0.445846 0.392949
0.452125 0.387083
0.459406 0.386354
0.464707 0.379598
0.460833 0.366212
0.4682 0.367555
0.4732 0.371
0.478838 0.372941
0.48534 0.370323
0.487386 0.3579
0.476034 0.354429
0.471048 0.349839
0.465016 0.350806
0.4598 0.347
0.4543 0.345286
0.448112 0.345907
0.443684 0.348311
0.439157 0.345
0.435199 0.350504
0.429039 0.353205
0.424857 0.359286
0.421297 0.356042
0.410009 0.358355
0.4205 0.366867
0.426417 0.368333
0.43025 0.361389
0.433796 0.361237
0.43946 0.363
0.444775 0.359308
0.449643 0.35788
0.4555 0.367727
0.450236 0.369534
0.445321 0.369431
0.447386 0.378418
0.440914 0.380747
0.435279 0.376565
0.4325 0.372333
0.429115 0.373462
0.422961 0.373974
0.420066 0.379495
0.425357 0.381905
0.4305 0.383333
0.435497 0.389039
0.432119 0.393661
0.429787 0.398308
0.427417 0.392222
0.424115 0.394231
0.42105 0.389197
0.40963 0.391136
0.409747 0.375055
0.397479 0.380367
0.392833 0.38119
0.386216 0.379322
0.380409 0.380455
0.382318 0.373182
0.376833 0.374722
0.373367 0.369444
0.370115 0.373718
0.365763 0.376817
0.361543 0.374275
0.357386 0.366381
0.349078 0.362972
0.363022 0.359058
0.368212 0.363085
0.371146 0.356888
0.374917 0.359167
0.378136 0.354697
0.3815 0.359
0.378714 0.36619
0.384412 0.366088
0.387491 0.366483
0.390531 0.367134
0.393825 0.365829
0.398583 0.360891
0.396164 0.356394
0.393591 0.353788
0.38975 0.356389
0.384864 0.355303
0.3875 0.348889
0.3915 0.345556
0.3974 0.346333
0.399824 0.347601
0.39525 0.339722
0.399015 0.335033
0.392 0.335667
0.388115 0.336538
0.385389 0.339444
0.3835 0.344167
0.381136 0.347424
0.378115 0.342949
0.374333 0.348611
0.371409 0.342879
0.368326 0.343107
0.364266 0.345454
0.358863 0.349873
0.348261 0.346667
0.336111 0.353264
0.332411 0.360072
0.329089 0.355044
0.325916 0.358694
0.322354 0.355344
0.319899 0.359699
0.316115 0.362949
0.312682 0.358939
0.309206 0.358461
0.306467 0.368911
0.3099 0.369667
0.313611 0.370556
0.318856 0.369548
0.323413 0.372971
0.329 0.374286
0.335107 0.372219
0.345983 0.376193
0.349878 0.384754
0.35603 0.382333
0.359955 0.390303
0.36338 0.3974
0.355056 0.398775
0.345268 0.396308
0.3336 0.405079
0.339625 0.414736
0.344077 0.414743
0.34889 0.407077
0.357978 0.408768
0.365 0.413055
0.368481 0.402461
0.372698 0.399205
0.377314 0.401478
0.380048 0.393439
0.375136 0.393182
0.371106 0.388227
0.368279 0.385241
0.3735 0.382333
0.377167 0.385278
0.383134 0.387537
0.389978 0.391232
0.385946 0.39963
0.395331 0.399925
0.389068 0.406752
0.382166 0.406905
0.384955 0.411061
0.389842 0.416426
0.394312 0.418871
0.386663 0.42138
0.383128 0.421743
0.378378 0.415833
0.3731 0.414866
0.368722 0.424136
0.36098 0.419667
0.354516 0.421234
0.347408 0.42671
0.337461 0.42859
0.333093 0.42216
0.328242 0.414247
0.323391 0.409969
0.31856 0.411158
0.31318 0.412733
0.308224 0.419483
0.303685 0.425741
0.299463 0.419938
0.295038 0.421426
0.290713 0.401119
0.295463 0.404259
0.300692 0.402692
0.305433 0.402
0.310239 0.400362
0.315115 0.395256
0.320863 0.399085
0.328759 0.394259
0.333522 0.387523
0.324625 0.388889
0.319553 0.384825
0.315992 0.377264
0.312255 0.380199
0.308916 0.384072
0.306012 0.378393
0.302302 0.384626
0.297519 0.386222
0.292069 0.384829
0.285467 0.382857
0.281434 0.37861
0.276812 0.378749
0.278107 0.370021
0.274035 0.365744
0.269902 0.374891
0.272985 0.378954
0.266652 0.38412
0.260903 0.393353
0.247539 0.393364
0.242863 0.385294
0.235613 0.391989
0.226797 0.39207
0.222227 0.395909
0.219409 0.392879
0.216591 0.393788
0.213093 0.397188
0.208246 0.391287
0.214616 0.384048
0.218885 0.380385
0.2223 0.385
0.225833 0.383333
0.231157 0.385145
0.234692 0.378207
0.229423 0.377308
0.227389 0.370556
0.2243 0.373333
0.221417 0.372778
0.216128 0.373239
0.209457 0.374716
0.213211 0.365826
0.217269 0.362949
0.22075 0.3625
0.225227 0.362879
0.228682 0.358636
0.234 0.359
0.2307 0.364
0.233227 0.369242
0.236517 0.36734
0.241549 0.36476
0.246853 0.373549
0.258263 0.367781
0.261886 0.354978
0.246292 0.354611
0.240875 0.349591
0.23703 0.352699
0.2328 0.351
0.233 0.342333
0.237167 0.341389
0.240549 0.337481
0.245125 0.336362
0.235045 0.333788
0.2308 0.336667
0.228389 0.33537
0.225409 0.330455
0.222591 0.330455
0.2195 0.331667
0.216136 0.334091
0.213045 0.336515
0.214667 0.344722
0.2193 0.341667
0.2227 0.341333
0.226 0.343333
0.229136 0.348636
0.224667 0.353333
0.2216 0.352333
0.218083 0.350833
0.2147 0.355
0.211393 0.353427
0.196 0.350898
0.192042 0.339822
0.182278 0.348704
0.177187 0.344479
0.171033 0.345707
0.167003 0.345795
0.163634 0.350022
0.15714 0.350424
0.143631 0.358213
0.155091 0.361667
0.160863 0.356755
0.16784 0.360764
0.174567 0.360444
0.181682 0.364697
0.192693 0.360633
0.196022 0.373261
0.191816 0.380264
0.195167 0.393788
0.188026 0.389812
0.1825 0.383179
0.177016 0.377473
0.171143 0.374286
0.165 0.373333
0.1595 0.372121
0.15558 0.379133
0.143742 0.376652
0.132383 0.371058
0.128679 0.377976
0.123773 0.37303
0.118393 0.367976
0.112532 0.375107
0.10554 0.374067
0.099629 0.382419
0.09578 0.373533
0.0916317 0.369355
0.099131 0.360512
0.103215 0.362344
0.109048 0.359373
0.1149 0.357533
0.124385 0.360256
0.130984 0.353316
0.126083 0.346944
0.120293 0.347988
0.113278 0.343765
0.106823 0.345313
0.102142 0.343197
0.099125 0.346523
0.103584 0.352475
0.0947592 0.351667
0.090391 0.349181
0.0823475 0.353084
0.0787554 0.35662
0.0712818 0.360581
0.0684216 0.364586
0.063 0.362333
0.058 0.366667
0.0612273 0.371061
0.0649167 0.370833
0.0684542 0.375397
0.0720959 0.380514
0.0821141 0.373553
0.0826872 0.39097
0.0931548 0.39149
0.103708 0.3925
0.108283 0.38529
0.118208 0.384028
0.1235 0.387754
0.128071 0.394365
0.132308 0.396461
0.143747 0.395
0.143357 0.412476
0.154776 0.413212
0.162154 0.415897
0.167875 0.413611
0.17274 0.4082
0.16562 0.400067
0.159961 0.401538
0.155654 0.394359
0.162385 0.386538
0.169532 0.390054
0.175121 0.394195
0.1802 0.400778
0.185571 0.403571
0.190967 0.408555
0.195643 0.413809
0.207096 0.40754
0.215418 0.407403
0.2189 0.406333
0.222889 0.406846
0.225573 0.40169
0.23075 0.400167
0.243465 0.406609
0.235204 0.408852
0.230192 0.415641
0.225833 0.420833
0.221235 0.41695
0.21739 0.419538
0.2111 0.416733
0.206033 0.425183
0.213578 0.429822
0.217655 0.4347
0.222417 0.435278
0.228227 0.436616
0.234103 0.427565
0.243654 0.425384
0.247932 0.415142
0.258554 0.412945
0.272649 0.420033
0.277387 0.415831
0.280887 0.426183
0.268537 0.433982
0.273 0.44
0.277794 0.444804
0.283726 0.438548
0.287332 0.449525
0.290382 0.464767
0.282282 0.461293
0.277651 0.465744
0.273391 0.460128
0.269391 0.462186
0.266109 0.450908
0.256459 0.444361
0.248019 0.438975
0.243503 0.441474
0.233603 0.446191
0.228731 0.45543
0.223364 0.450758
0.21865 0.451543
0.214518 0.442942
0.209433 0.443222
0.204643 0.442105
0.194094 0.449375
0.188352 0.448333
0.181214 0.450833
0.171731 0.45859
0.1767 0.461933
0.181192 0.470256
0.185648 0.464629
0.190192 0.46641
0.194456 0.472391
0.203769 0.475256
0.197321 0.461739
0.204682 0.458254
0.209321 0.464285
0.214036 0.460238
0.22391 0.465065
0.218845 0.470863
0.213854 0.479028
0.208792 0.483333
0.203645 0.490016
0.198741 0.485689
0.193913 0.489102
0.188816 0.485272
0.183118 0.484615
0.176268 0.478457
0.170391 0.473057
0.165378 0.46448
0.160272 0.459228
0.141667 0.467332
0.150551 0.483825
0.154963 0.486001
0.159236 0.492545
0.163756 0.498326
0.16848 0.5034
0.173413 0.509311
0.182338 0.518127
0.187308 0.524121
0.19236 0.524649
0.198678 0.521065
0.197283 0.531567
0.204179 0.526345
0.209293 0.525539
0.213404 0.519231
0.217879 0.522168
0.223626 0.514346
0.21914 0.508843
0.230004 0.506398
0.225795 0.500263
0.231971 0.490653
0.242579 0.482073
0.245923 0.475812
0.257164 0.485177
0.263928 0.479443
0.272882 0.490464
0.266512 0.493756
0.269292 0.501311
0.275937 0.501338
0.280354 0.495358
0.285068 0.495436
0.294147 0.49587
0.303824 0.483336
0.309466 0.487868
0.315016 0.492326
0.321125 0.489894
0.321093 0.503765
0.327134 0.497331
0.332425 0.497873
0.337444 0.498969
0.342495 0.49704
0.347717 0.496054
0.353427 0.491155
0.3598 0.486341
0.367031 0.482778
0.375123 0.479623
0.382137 0.482618
0.389339 0.487325
0.394608 0.496176
0.385504 0.494159
0.377626 0.493108
0.371054 0.493243
0.364238 0.498055
0.357698 0.503397
0.351265 0.509988
0.34498 0.513733
0.339685 0.517061
0.334455 0.517837
0.32952 0.518159
0.32399 0.51844
0.317222 0.514361
0.310719 0.513278
0.30552 0.507465
0.249217 0.561417
0.242613 0.635073
0.304368 0.617509
0.311009 0.658503
0.299441 0.672141
0.320553 0.690216
0.37871 0.680736
0.388997 0.664171
0.394627 0.624587
0.404248 0.56102
0.400478 0.50964
0.412555 0.508221
0.41758 0.508314
0.42305 0.512155
0.428834 0.513394
0.435335 0.513379
0.441019 0.491934
0.445899 0.485218
0.435907 0.483271
0.430991 0.484683
0.426486 0.479068
0.421356 0.478267
0.416261 0.474494
0.404195 0.480596
0.406486 0.466276
0.399467 0.464106
0.403454 0.456667
0.394572 0.457874
0.388852 0.451244
0.383476 0.451342
0.378513 0.448742
0.3733 0.450382
0.366362 0.452551
0.360441 0.452864
0.355619 0.455162
0.34907 0.461131
0.343354 0.462432
0.338716 0.462838
0.334283 0.463916
0.329504 0.462157
0.32455 0.46431
0.319797 0.458986
0.313873 0.456983
0.308283 0.454799
0.301955 0.452708
0.298834 0.438348
0.306352 0.439691
0.311672 0.436609
0.315458 0.426389
0.32038 0.428733
0.324654 0.430897
0.329315 0.435864
0.317428 0.443333
0.324694 0.447796
0.333362 0.44431
0.338654 0.445641
0.346614 0.446134
0.342685 0.436852
0.355072 0.438307
0.359674 0.434565
0.364574 0.435864
0.370083 0.44
0.374654 0.43141
0.379326 0.431667
0.384293 0.43727
0.389513 0.431074
0.393374 0.440143
0.403294 0.441822
0.407655 0.444857
0.418532 0.454462
0.424257 0.457883
0.430742 0.46399
0.436741 0.464195
0.441406 0.472291
0.447018 0.469568
0.452264 0.481342
0.462517 0.470893
0.466769 0.464616
0.470986 0.464257
0.475612 0.469093
0.482852 0.476387
0.489352 0.485016
0.494124 0.496495
0.49897 0.499038
0.504292 0.505721
0.49807 0.517858
0.508542 0.513614
0.513202 0.507477
0.518358 0.50595
0.523104 0.501976
0.527765 0.498442
0.531873 0.492977
0.536236 0.491246
0.540688 0.487578
0.54524 0.485775
0.549191 0.488767
0.553612 0.480632
0.560226 0.487222
0.554211 0.49481
0.5584 0.500549
0.570707 0.497844
0.577328 0.500056
0.584234 0.500819
0.581314 0.519032
0.58908 0.509244
0.596345 0.505057
0.592138 0.49782
0.60121 0.497694
0.606846 0.495344
0.61271 0.491385
0.619865 0.490926
0.633393 0.475692
0.62806 0.469263
0.639165 0.470726
0.64434 0.458026
0.638597 0.449946
0.633306 0.458226
0.623336 0.460899
0.612008 0.46307
0.60628 0.463333
0.601366 0.464824
0.596516 0.465415
0.590615 0.472111
0.583181 0.47119
0.576122 0.471093
0.56631 0.462194
0.561239 0.456699
0.555562 0.452551
0.550537 0.450926
0.544865 0.452417
0.533748 0.459437
0.52919 0.462107
0.52435 0.466108
0.51966 0.471517
0.513878 0.474445
0.50804 0.475789
0.500372 0.472863
0.504532 0.463387
0.498948 0.454655
0.493967 0.461695
0.488815 0.456408
0.483781 0.451535
0.474887 0.444101
0.47208 0.453077
0.468167 0.453365
0.4636 0.456785
0.451564 0.459262
0.445431 0.453965
0.439999 0.449662
0.433857 0.448214
0.4289 0.443667
0.424052 0.437299
0.418953 0.43425
0.409441 0.426537
0.405692 0.422929
0.408656 0.407157
0.419975 0.400096
0.4261 0.406333
0.422417 0.407222
0.41914 0.414636
0.424793 0.417545
0.421413 0.420864
0.428399 0.423044
0.43287 0.425
0.436464 0.434308
0.441578 0.42928
0.446578 0.430287
0.451147 0.430906
0.455571 0.428071
0.461085 0.427937
0.465984 0.420262
0.470621 0.41436
0.475444 0.406423
0.489384 0.409487
0.495018 0.407099
0.500154 0.412179
0.504648 0.419938
0.510113 0.415752
0.5184 0.418111
0.526031 0.415579
0.537765 0.41126
0.542591 0.40803
0.548071 0.407976
0.557989 0.412384
0.552464 0.418214
0.545269 0.422179
0.539897 0.426239
0.525371 0.432042
0.520935 0.430362
0.513015 0.43197
0.50738 0.433267
0.498687 0.428125
0.492741 0.422816
0.486469 0.426616
0.481932 0.432423
0.490166 0.440222
0.495426 0.441296
0.502855 0.442097
0.508241 0.450185
0.512371 0.45543
0.51746 0.4582
0.522933 0.449444
0.517357 0.441548
0.53137 0.444825
0.542126 0.440103
0.54819 0.434655
0.553928 0.433095
0.558153 0.440337
0.5661 0.445096
0.569688 0.43424
0.580199 0.436577
0.585083 0.432083
0.5894 0.440222
0.583315 0.449691
0.577999 0.455583
0.58706 0.459667
0.592166 0.454136
0.596712 0.44298
0.6026 0.448444
0.608991 0.449774
0.620796 0.444915
0.627283 0.44482
0.632887 0.440699
0.637746 0.43128
0.643338 0.440229
0.648666 0.442472
0.658593 0.449727
0.665281 0.46245
0.657865 0.479185
0.672896 0.488219
0.664416 0.498048
0.6769 0.503124
0.682681 0.504278
0.688076 0.50262
0.694107 0.502402
0.704534 0.502307
0.714981 0.485945
0.731484 0.481632
0.744964 0.480796
0.760725 0.476097
0.767643 0.475095
0.773921 0.475359
0.780339 0.477851
0.787435 0.486896
0.795565 0.491891
0.805193 0.493792
0.797776 0.505426
0.781729 0.491583
0.773797 0.490482
0.76629 0.491276
0.758997 0.493538
0.749714 0.511553
0.748331 0.562639
0.715195 0.541751
0.674506 0.554423
0.714947 0.608176
0.674447 0.639911
0.664419 0.684544
0.710639 0.672504
0.702674 0.721584
0.691521 0.757245
0.674176 0.7556
0.661057 0.72049
0.650772 0.727632
0.638886 0.736549
0.626999 0.738813
0.61355 0.738891
0.603042 0.73567
0.592964 0.728456
0.583602 0.718254
0.574241 0.743614
0.562899 0.747788
0.550419 0.728853
0.527718 0.705139
0.542193 0.698608
0.532461 0.674334
0.587356 0.672334
0.587519 0.564156
0.497371 0.5918
0.486951 0.670834
0.478308 0.690661
0.466967 0.713222
0.49234 0.708697
0.521107 0.727866
0.512835 0.739981
0.501534 0.733536
0.485125 0.736251
0.482417 0.741111
0.479 0.741
0.476045 0.744394
0.4802 0.750334
0.477583 0.756389
0.4745 0.754333
0.471 0.758333
0.467136 0.758636
0.474418 0.765558
0.471 0.77
0.466961 0.768846
0.463136 0.765303
0.458409 0.764394
0.453083 0.7675
0.457 0.771667
0.461115 0.774743
0.4645 0.776667
0.468143 0.779594
0.463052 0.786561
0.458864 0.78197
0.454833 0.779167
0.451045 0.777121
0.445864 0.782273
0.4485 0.784333
0.451917 0.7875
0.455773 0.790758
0.458865 0.791365
0.453251 0.797223
0.4484 0.794333
0.449304 0.802005
0.4455 0.799359
0.442272 0.800901
0.437362 0.801919
0.4331 0.800334
0.428963 0.800389
0.425199 0.799008
0.429917 0.791389
0.424083 0.792222
0.420357 0.791906
0.41733 0.787512
0.422917 0.782778
0.426667 0.782222
0.429786 0.780476
0.433654 0.786538
0.43675 0.790278
0.44 0.793333
0.443115 0.787051
0.439786 0.78
0.436389 0.778704
0.4325 0.775
0.435944 0.771296
0.44 0.768333
0.442682 0.772576
0.445864 0.77197
0.4491 0.769333
0.4455 0.763333
0.450056 0.760556
0.45425 0.758611
0.458 0.755
0.461045 0.756212
0.46375 0.753056
0.466625 0.74875
0.4695 0.748333
0.472409 0.746212
0.453997 0.729659
0.439828 0.74108
0.424245 0.746456
0.40956 0.73919
0.397784 0.71063
0.37092 0.7102
0.360125 0.729619
0.345307 0.73342
0.332864 0.717767
0.290679 0.721873
0.273717 0.75488
0.253854 0.726239
0.240056 0.680956
0.227711 0.726694
0.213931 0.759873
0.196227 0.744811
0.181887 0.707277
0.165745 0.747814
0.148072 0.729725
0.113326 0.72926
0.100595 0.756381
0.0866609 0.76468
0.06959 0.757427
0.0528491 0.731771
0.0397985 0.687236
0.125541 0.680446
0.135556 0.623635
0.028709 0.570928
0.0384224 0.51194
0.0455427 0.51579
0.0531629 0.519103
0.0600531 0.51915
0.0659688 0.51928
0.0725977 0.518846
0.079446 0.513802
0.0890371 0.50483
0.0947781 0.499919
0.100754 0.495196
0.107145 0.491468
0.114458 0.488263
0.121867 0.489498
0.138912 0.508653
0.13829 0.49535
0.126717 0.484973
0.118554 0.477448
0.110053 0.477822
0.102621 0.480432
0.0961025 0.484316
0.0902121 0.487978
0.0822512 0.495266
0.0779027 0.498046
0.066231 0.500757
0.0605 0.501667
0.0550625 0.502291
0.0490866 0.502493
0.0423905 0.498887
0.0345505 0.497529
End
