0 0.000000 0.000000 
0 0.010000 0.000000 
0 0.020000 0.000000 
0 0.030000 0.000000 
0 0.040000 0.000000 
0 0.050000 0.000000 
0 0.060000 0.000000 
0 0.070000 0.000000 
0 0.080000 0.000000 
0 0.090000 0.000000 
0 0.100000 0.000000 
0 0.110000 0.000000 
0 0.120000 0.000000 
0 0.130000 0.000000 
0 0.140000 0.000000 
0 0.150000 0.000000 
0 0.160000 0.000000 
0 0.170000 0.000000 
0 0.180000 0.000000 
0 0.190000 0.000000 
0 0.200000 0.000000 
0 0.210000 0.000000 
0 0.220000 0.000000 
0 0.230000 0.000000 
0 0.240000 0.000000 
0 0.250000 0.000000 
0 0.260000 0.000000 
0 0.270000 0.000000 
0 0.280000 0.000000 
0 0.290000 0.000000 
0 0.300000 0.000000 
0 0.310000 0.000000 
0 0.320000 0.000000 
0 0.330000 0.000000 
0 0.340000 0.000000 
0 0.350000 0.000000 
0 0.360000 0.000000 
0 0.370000 0.000000 
0 0.380000 0.000000 
0 0.390000 0.000000 
0 0.400000 0.000000 
0 0.410000 0.000000 
0 0.420000 0.000000 
0 0.430000 0.000000 
0 0.440000 0.000000 
0 0.450000 0.000000 
0 0.460000 0.000000 
0 0.470000 0.000000 
0 0.480000 0.000000 
0 0.490000 0.000000 
0 0.500000 0.000000 
0 0.510000 0.000000 
0 0.520000 0.000000 
0 0.530000 0.000000 
0 0.540000 0.000000 
0 0.550000 0.000000 
0 0.560000 0.000000 
0 0.570000 0.000000 
0 0.580000 0.000000 
0 0.590000 0.000000 
0 0.600000 0.000000 
0 0.610000 0.000000 
0 0.620000 0.000000 
0 0.630000 0.000000 
0 0.640000 0.000000 
0 0.650000 0.000000 
0 0.660000 0.000000 
0 0.670000 0.000000 
0 0.680000 0.000000 
0 0.690000 0.000000 
0 0.700000 0.000000 
0 0.710000 0.000000 
0 0.720000 0.000000 
0 0.730000 0.000000 
0 0.740000 0.000000 
0 0.750000 0.000000 
0 0.760000 0.000000 
0 0.770000 0.000000 
0 0.780000 0.000000 
0 0.790000 0.000000 
0 0.800000 0.000000 
0 0.810000 0.000000 
0 0.820000 0.000000 
0 0.830000 0.000000 
0 0.840000 0.000000 
0 0.850000 0.000000 
0 0.860000 0.000000 
0 0.870000 0.000000 
0 0.880000 0.000000 
0 0.890000 0.000000 
0 0.900000 0.000000 
0 0.910000 0.000000 
0 0.920000 0.000000 
0 0.930000 0.000000 
0 0.940000 0.000000 
0 0.950000 0.000000 
0 0.960000 0.000000 
0 0.970000 0.000000 
0 0.980000 0.000000 
0 0.990000 0.000000 
0 1.000000 0.000000 
1 0.000000 0.100000 
1 0.010000 0.100000 
1 0.020000 0.100000 
1 0.030000 0.100000 
1 0.040000 0.100000 
1 0.050000 0.100000 
1 0.060000 0.100000 
1 0.070000 0.100000 
1 0.080000 0.100000 
1 0.090000 0.100000 
1 0.100000 0.100000 
1 0.110000 0.100000 
1 0.120000 0.100000 
1 0.130000 0.100000 
1 0.140000 0.100000 
1 0.150000 0.100000 
1 0.160000 0.100000 
1 0.170000 0.100000 
1 0.180000 0.100000 
1 0.190000 0.100000 
1 0.200000 0.100000 
1 0.210000 0.100000 
1 0.220000 0.100000 
1 0.230000 0.100000 
1 0.240000 0.100000 
1 0.250000 0.100000 
1 0.260000 0.100000 
1 0.270000 0.100000 
1 0.280000 0.100000 
1 0.290000 0.100000 
1 0.300000 0.100000 
1 0.310000 0.100000 
1 0.320000 0.100000 
1 0.330000 0.100000 
1 0.340000 0.100000 
1 0.350000 0.100000 
1 0.360000 0.100000 
1 0.370000 0.100000 
1 0.380000 0.100000 
1 0.390000 0.100000 
1 0.400000 0.100000 
1 0.410000 0.100000 
1 0.420000 0.100000 
1 0.430000 0.100000 
1 0.440000 0.100000 
1 0.450000 0.100000 
1 0.460000 0.100000 
1 0.470000 0.100000 
1 0.480000 0.100000 
1 0.490000 0.100000 
1 0.500000 0.100000 
1 0.510000 0.100000 
1 0.520000 0.100000 
1 0.530000 0.100000 
1 0.540000 0.100000 
1 0.550000 0.100000 
1 0.560000 0.100000 
1 0.570000 0.100000 
1 0.580000 0.100000 
1 0.590000 0.100000 
1 0.600000 0.100000 
1 0.610000 0.100000 
1 0.620000 0.100000 
1 0.630000 0.100000 
1 0.640000 0.100000 
1 0.650000 0.100000 
1 0.660000 0.100000 
1 0.670000 0.100000 
1 0.680000 0.100000 
1 0.690000 0.100000 
1 0.700000 0.100000 
1 0.710000 0.100000 
1 0.720000 0.100000 
1 0.730000 0.100000 
1 0.740000 0.100000 
1 0.750000 0.100000 
1 0.760000 0.100000 
1 0.770000 0.100000 
1 0.780000 0.100000 
1 0.790000 0.100000 
1 0.800000 0.100000 
1 0.810000 0.100000 
1 0.820000 0.100000 
1 0.830000 0.100000 
1 0.840000 0.100000 
1 0.850000 0.100000 
1 0.860000 0.100000 
1 0.870000 0.100000 
1 0.880000 0.100000 
1 0.890000 0.100000 
1 0.900000 0.100000 
1 0.910000 0.100000 
1 0.920000 0.100000 
1 0.930000 0.100000 
1 0.940000 0.100000 
1 0.950000 0.100000 
1 0.960000 0.100000 
1 0.970000 0.100000 
1 0.980000 0.100000 
1 0.990000 0.100000 
1 1.000000 0.100000 
2 0.000000 0.200000 
2 0.010000 0.200000 
2 0.020000 0.200000 
2 0.030000 0.200000 
2 0.040000 0.200000 
2 0.050000 0.200000 
2 0.060000 0.200000 
2 0.070000 0.200000 
2 0.080000 0.200000 
2 0.090000 0.200000 
2 0.100000 0.200000 
2 0.110000 0.200000 
2 0.120000 0.200000 
2 0.130000 0.200000 
2 0.140000 0.200000 
2 0.150000 0.200000 
2 0.160000 0.200000 
2 0.170000 0.200000 
2 0.180000 0.200000 
2 0.190000 0.200000 
2 0.200000 0.200000 
2 0.210000 0.200000 
2 0.220000 0.200000 
2 0.230000 0.200000 
2 0.240000 0.200000 
2 0.250000 0.200000 
2 0.260000 0.200000 
2 0.270000 0.200000 
2 0.280000 0.200000 
2 0.290000 0.200000 
2 0.300000 0.200000 
2 0.310000 0.200000 
2 0.320000 0.200000 
2 0.330000 0.200000 
2 0.340000 0.200000 
2 0.350000 0.200000 
2 0.360000 0.200000 
2 0.370000 0.200000 
2 0.380000 0.200000 
2 0.390000 0.200000 
2 0.400000 0.200000 
2 0.410000 0.200000 
2 0.420000 0.200000 
2 0.430000 0.200000 
2 0.440000 0.200000 
2 0.450000 0.200000 
2 0.460000 0.200000 
2 0.470000 0.200000 
2 0.480000 0.200000 
2 0.490000 0.200000 
2 0.500000 0.200000 
2 0.510000 0.200000 
2 0.520000 0.200000 
2 0.530000 0.200000 
2 0.540000 0.200000 
2 0.550000 0.200000 
2 0.560000 0.200000 
2 0.570000 0.200000 
2 0.580000 0.200000 
2 0.590000 0.200000 
2 0.600000 0.200000 
2 0.610000 0.200000 
2 0.620000 0.200000 
2 0.630000 0.200000 
2 0.640000 0.200000 
2 0.650000 0.200000 
2 0.660000 0.200000 
2 0.670000 0.200000 
2 0.680000 0.200000 
2 0.690000 0.200000 
2 0.700000 0.200000 
2 0.710000 0.200000 
2 0.720000 0.200000 
2 0.730000 0.200000 
2 0.740000 0.200000 
2 0.750000 0.200000 
2 0.760000 0.200000 
2 0.770000 0.200000 
2 0.780000 0.200000 
2 0.790000 0.200000 
2 0.800000 0.200000 
2 0.810000 0.200000 
2 0.820000 0.200000 
2 0.830000 0.200000 
2 0.840000 0.200000 
2 0.850000 0.200000 
2 0.860000 0.200000 
2 0.870000 0.200000 
2 0.880000 0.200000 
2 0.890000 0.200000 
2 0.900000 0.200000 
2 0.910000 0.200000 
2 0.920000 0.200000 
2 0.930000 0.200000 
2 0.940000 0.200000 
2 0.950000 0.200000 
2 0.960000 0.200000 
2 0.970000 0.200000 
2 0.980000 0.200000 
2 0.990000 0.200000 
2 1.000000 0.200000 
3 0.000000 0.300000 
3 0.010000 0.300000 
3 0.020000 0.300000 
3 0.030000 0.300000 
3 0.040000 0.300000 
3 0.050000 0.300000 
3 0.060000 0.300000 
3 0.070000 0.300000 
3 0.080000 0.300000 
3 0.090000 0.300000 
3 0.100000 0.300000 
3 0.110000 0.300000 
3 0.120000 0.300000 
3 0.130000 0.300000 
3 0.140000 0.300000 
3 0.150000 0.300000 
3 0.160000 0.300000 
3 0.170000 0.300000 
3 0.180000 0.300000 
3 0.190000 0.300000 
3 0.200000 0.300000 
3 0.210000 0.300000 
3 0.220000 0.300000 
3 0.230000 0.300000 
3 0.240000 0.300000 
3 0.250000 0.300000 
3 0.260000 0.300000 
3 0.270000 0.300000 
3 0.280000 0.300000 
3 0.290000 0.300000 
3 0.300000 0.300000 
3 0.310000 0.300000 
3 0.320000 0.300000 
3 0.330000 0.300000 
3 0.340000 0.300000 
3 0.350000 0.300000 
3 0.360000 0.300000 
3 0.370000 0.300000 
3 0.380000 0.300000 
3 0.390000 0.300000 
3 0.400000 0.300000 
3 0.410000 0.300000 
3 0.420000 0.300000 
3 0.430000 0.300000 
3 0.440000 0.300000 
3 0.450000 0.300000 
3 0.460000 0.300000 
3 0.470000 0.300000 
3 0.480000 0.300000 
3 0.490000 0.300000 
3 0.500000 0.300000 
3 0.510000 0.300000 
3 0.520000 0.300000 
3 0.530000 0.300000 
3 0.540000 0.300000 
3 0.550000 0.300000 
3 0.560000 0.300000 
3 0.570000 0.300000 
3 0.580000 0.300000 
3 0.590000 0.300000 
3 0.600000 0.300000 
3 0.610000 0.300000 
3 0.620000 0.300000 
3 0.630000 0.300000 
3 0.640000 0.300000 
3 0.650000 0.300000 
3 0.660000 0.300000 
3 0.670000 0.300000 
3 0.680000 0.300000 
3 0.690000 0.300000 
3 0.700000 0.300000 
3 0.710000 0.300000 
3 0.720000 0.300000 
3 0.730000 0.300000 
3 0.740000 0.300000 
3 0.750000 0.300000 
3 0.760000 0.300000 
3 0.770000 0.300000 
3 0.780000 0.300000 
3 0.790000 0.300000 
3 0.800000 0.300000 
3 0.810000 0.300000 
3 0.820000 0.300000 
3 0.830000 0.300000 
3 0.840000 0.300000 
3 0.850000 0.300000 
3 0.860000 0.300000 
3 0.870000 0.300000 
3 0.880000 0.300000 
3 0.890000 0.300000 
3 0.900000 0.300000 
3 0.910000 0.300000 
3 0.920000 0.300000 
3 0.930000 0.300000 
3 0.940000 0.300000 
3 0.950000 0.300000 
3 0.960000 0.300000 
3 0.970000 0.300000 
3 0.980000 0.300000 
3 0.990000 0.300000 
3 1.000000 0.300000 
4 0.000000 0.400000 
4 0.010000 0.400000 
4 0.020000 0.400000 
4 0.030000 0.400000 
4 0.040000 0.400000 
4 0.050000 0.400000 
4 0.060000 0.400000 
4 0.070000 0.400000 
4 0.080000 0.400000 
4 0.090000 0.400000 
4 0.100000 0.400000 
4 0.110000 0.400000 
4 0.120000 0.400000 
4 0.130000 0.400000 
4 0.140000 0.400000 
4 0.150000 0.400000 
4 0.160000 0.400000 
4 0.170000 0.400000 
4 0.180000 0.400000 
4 0.190000 0.400000 
4 0.200000 0.400000 
4 0.210000 0.400000 
4 0.220000 0.400000 
4 0.230000 0.400000 
4 0.240000 0.400000 
4 0.250000 0.400000 
4 0.260000 0.400000 
4 0.270000 0.400000 
4 0.280000 0.400000 
4 0.290000 0.400000 
4 0.300000 0.400000 
4 0.310000 0.400000 
4 0.320000 0.400000 
4 0.330000 0.400000 
4 0.340000 0.400000 
4 0.350000 0.400000 
4 0.360000 0.400000 
4 0.370000 0.400000 
4 0.380000 0.400000 
4 0.390000 0.400000 
4 0.400000 0.400000 
4 0.410000 0.400000 
4 0.420000 0.400000 
4 0.430000 0.400000 
4 0.440000 0.400000 
4 0.450000 0.400000 
4 0.460000 0.400000 
4 0.470000 0.400000 
4 0.480000 0.400000 
4 0.490000 0.400000 
4 0.500000 0.400000 
4 0.510000 0.400000 
4 0.520000 0.400000 
4 0.530000 0.400000 
4 0.540000 0.400000 
4 0.550000 0.400000 
4 0.560000 0.400000 
4 0.570000 0.400000 
4 0.580000 0.400000 
4 0.590000 0.400000 
4 0.600000 0.400000 
4 0.610000 0.400000 
4 0.620000 0.400000 
4 0.630000 0.400000 
4 0.640000 0.400000 
4 0.650000 0.400000 
4 0.660000 0.400000 
4 0.670000 0.400000 
4 0.680000 0.400000 
4 0.690000 0.400000 
4 0.700000 0.400000 
4 0.710000 0.400000 
4 0.720000 0.400000 
4 0.730000 0.400000 
4 0.740000 0.400000 
4 0.750000 0.400000 
4 0.760000 0.400000 
4 0.770000 0.400000 
4 0.780000 0.400000 
4 0.790000 0.400000 
4 0.800000 0.400000 
4 0.810000 0.400000 
4 0.820000 0.400000 
4 0.830000 0.400000 
4 0.840000 0.400000 
4 0.850000 0.400000 
4 0.860000 0.400000 
4 0.870000 0.400000 
4 0.880000 0.400000 
4 0.890000 0.400000 
4 0.900000 0.400000 
4 0.910000 0.400000 
4 0.920000 0.400000 
4 0.930000 0.400000 
4 0.940000 0.400000 
4 0.950000 0.400000 
4 0.960000 0.400000 
4 0.970000 0.400000 
4 0.980000 0.400000 
4 0.990000 0.400000 
4 1.000000 0.400000 
5 0.000000 0.500000 
5 0.010000 0.500000 
5 0.020000 0.500000 
5 0.030000 0.500000 
5 0.040000 0.500000 
5 0.050000 0.500000 
5 0.060000 0.500000 
5 0.070000 0.500000 
5 0.080000 0.500000 
5 0.090000 0.500000 
5 0.100000 0.500000 
5 0.110000 0.500000 
5 0.120000 0.500000 
5 0.130000 0.500000 
5 0.140000 0.500000 
5 0.150000 0.500000 
5 0.160000 0.500000 
5 0.170000 0.500000 
5 0.180000 0.500000 
5 0.190000 0.500000 
5 0.200000 0.500000 
5 0.210000 0.500000 
5 0.220000 0.500000 
5 0.230000 0.500000 
5 0.240000 0.500000 
5 0.250000 0.500000 
5 0.260000 0.500000 
5 0.270000 0.500000 
5 0.280000 0.500000 
5 0.290000 0.500000 
5 0.300000 0.500000 
5 0.310000 0.500000 
5 0.320000 0.500000 
5 0.330000 0.500000 
5 0.340000 0.500000 
5 0.350000 0.500000 
5 0.360000 0.500000 
5 0.370000 0.500000 
5 0.380000 0.500000 
5 0.390000 0.500000 
5 0.400000 0.500000 
5 0.410000 0.500000 
5 0.420000 0.500000 
5 0.430000 0.500000 
5 0.440000 0.500000 
5 0.450000 0.500000 
5 0.460000 0.500000 
5 0.470000 0.500000 
5 0.480000 0.500000 
5 0.490000 0.500000 
5 0.500000 0.500000 
5 0.510000 0.500000 
5 0.520000 0.500000 
5 0.530000 0.500000 
5 0.540000 0.500000 
5 0.550000 0.500000 
5 0.560000 0.500000 
5 0.570000 0.500000 
5 0.580000 0.500000 
5 0.590000 0.500000 
5 0.600000 0.500000 
5 0.610000 0.500000 
5 0.620000 0.500000 
5 0.630000 0.500000 
5 0.640000 0.500000 
5 0.650000 0.500000 
5 0.660000 0.500000 
5 0.670000 0.500000 
5 0.680000 0.500000 
5 0.690000 0.500000 
5 0.700000 0.500000 
5 0.710000 0.500000 
5 0.720000 0.500000 
5 0.730000 0.500000 
5 0.740000 0.500000 
5 0.750000 0.500000 
5 0.760000 0.500000 
5 0.770000 0.500000 
5 0.780000 0.500000 
5 0.790000 0.500000 
5 0.800000 0.500000 
5 0.810000 0.500000 
5 0.820000 0.500000 
5 0.830000 0.500000 
5 0.840000 0.500000 
5 0.850000 0.500000 
5 0.860000 0.500000 
5 0.870000 0.500000 
5 0.880000 0.500000 
5 0.890000 0.500000 
5 0.900000 0.500000 
5 0.910000 0.500000 
5 0.920000 0.500000 
5 0.930000 0.500000 
5 0.940000 0.500000 
5 0.950000 0.500000 
5 0.960000 0.500000 
5 0.970000 0.500000 
5 0.980000 0.500000 
5 0.990000 0.500000 
5 1.000000 0.500000 
6 0.000000 0.600000 
6 0.010000 0.600000 
6 0.020000 0.600000 
6 0.030000 0.600000 
6 0.040000 0.600000 
6 0.050000 0.600000 
6 0.060000 0.600000 
6 0.070000 0.600000 
6 0.080000 0.600000 
6 0.090000 0.600000 
6 0.100000 0.600000 
6 0.110000 0.600000 
6 0.120000 0.600000 
6 0.130000 0.600000 
6 0.140000 0.600000 
6 0.150000 0.600000 
6 0.160000 0.600000 
6 0.170000 0.600000 
6 0.180000 0.600000 
6 0.190000 0.600000 
6 0.200000 0.600000 
6 0.210000 0.600000 
6 0.220000 0.600000 
6 0.230000 0.600000 
6 0.240000 0.600000 
6 0.250000 0.600000 
6 0.260000 0.600000 
6 0.270000 0.600000 
6 0.280000 0.600000 
6 0.290000 0.600000 
6 0.300000 0.600000 
6 0.310000 0.600000 
6 0.320000 0.600000 
6 0.330000 0.600000 
6 0.340000 0.600000 
6 0.350000 0.600000 
6 0.360000 0.600000 
6 0.370000 0.600000 
6 0.380000 0.600000 
6 0.390000 0.600000 
6 0.400000 0.600000 
6 0.410000 0.600000 
6 0.420000 0.600000 
6 0.430000 0.600000 
6 0.440000 0.600000 
6 0.450000 0.600000 
6 0.460000 0.600000 
6 0.470000 0.600000 
6 0.480000 0.600000 
6 0.490000 0.600000 
6 0.500000 0.600000 
6 0.510000 0.600000 
6 0.520000 0.600000 
6 0.530000 0.600000 
6 0.540000 0.600000 
6 0.550000 0.600000 
6 0.560000 0.600000 
6 0.570000 0.600000 
6 0.580000 0.600000 
6 0.590000 0.600000 
6 0.600000 0.600000 
6 0.610000 0.600000 
6 0.620000 0.600000 
6 0.630000 0.600000 
6 0.640000 0.600000 
6 0.650000 0.600000 
6 0.660000 0.600000 
6 0.670000 0.600000 
6 0.680000 0.600000 
6 0.690000 0.600000 
6 0.700000 0.600000 
6 0.710000 0.600000 
6 0.720000 0.600000 
6 0.730000 0.600000 
6 0.740000 0.600000 
6 0.750000 0.600000 
6 0.760000 0.600000 
6 0.770000 0.600000 
6 0.780000 0.600000 
6 0.790000 0.600000 
6 0.800000 0.600000 
6 0.810000 0.600000 
6 0.820000 0.600000 
6 0.830000 0.600000 
6 0.840000 0.600000 
6 0.850000 0.600000 
6 0.860000 0.600000 
6 0.870000 0.600000 
6 0.880000 0.600000 
6 0.890000 0.600000 
6 0.900000 0.600000 
6 0.910000 0.600000 
6 0.920000 0.600000 
6 0.930000 0.600000 
6 0.940000 0.600000 
6 0.950000 0.600000 
6 0.960000 0.600000 
6 0.970000 0.600000 
6 0.980000 0.600000 
6 0.990000 0.600000 
6 1.000000 0.600000 
7 0.000000 0.700000 
7 0.010000 0.700000 
7 0.020000 0.700000 
7 0.030000 0.700000 
7 0.040000 0.700000 
7 0.050000 0.700000 
7 0.060000 0.700000 
7 0.070000 0.700000 
7 0.080000 0.700000 
7 0.090000 0.700000 
7 0.100000 0.700000 
7 0.110000 0.700000 
7 0.120000 0.700000 
7 0.130000 0.700000 
7 0.140000 0.700000 
7 0.150000 0.700000 
7 0.160000 0.700000 
7 0.170000 0.700000 
7 0.180000 0.700000 
7 0.190000 0.700000 
7 0.200000 0.700000 
7 0.210000 0.700000 
7 0.220000 0.700000 
7 0.230000 0.700000 
7 0.240000 0.700000 
7 0.250000 0.700000 
7 0.260000 0.700000 
7 0.270000 0.700000 
7 0.280000 0.700000 
7 0.290000 0.700000 
7 0.300000 0.700000 
7 0.310000 0.700000 
7 0.320000 0.700000 
7 0.330000 0.700000 
7 0.340000 0.700000 
7 0.350000 0.700000 
7 0.360000 0.700000 
7 0.370000 0.700000 
7 0.380000 0.700000 
7 0.390000 0.700000 
7 0.400000 0.700000 
7 0.410000 0.700000 
7 0.420000 0.700000 
7 0.430000 0.700000 
7 0.440000 0.700000 
7 0.450000 0.700000 
7 0.460000 0.700000 
7 0.470000 0.700000 
7 0.480000 0.700000 
7 0.490000 0.700000 
7 0.500000 0.700000 
7 0.510000 0.700000 
7 0.520000 0.700000 
7 0.530000 0.700000 
7 0.540000 0.700000 
7 0.550000 0.700000 
7 0.560000 0.700000 
7 0.570000 0.700000 
7 0.580000 0.700000 
7 0.590000 0.700000 
7 0.600000 0.700000 
7 0.610000 0.700000 
7 0.620000 0.700000 
7 0.630000 0.700000 
7 0.640000 0.700000 
7 0.650000 0.700000 
7 0.660000 0.700000 
7 0.670000 0.700000 
7 0.680000 0.700000 
7 0.690000 0.700000 
7 0.700000 0.700000 
7 0.710000 0.700000 
7 0.720000 0.700000 
7 0.730000 0.700000 
7 0.740000 0.700000 
7 0.750000 0.700000 
7 0.760000 0.700000 
7 0.770000 0.700000 
7 0.780000 0.700000 
7 0.790000 0.700000 
7 0.800000 0.700000 
7 0.810000 0.700000 
7 0.820000 0.700000 
7 0.830000 0.700000 
7 0.840000 0.700000 
7 0.850000 0.700000 
7 0.860000 0.700000 
7 0.870000 0.700000 
7 0.880000 0.700000 
7 0.890000 0.700000 
7 0.900000 0.700000 
7 0.910000 0.700000 
7 0.920000 0.700000 
7 0.930000 0.700000 
7 0.940000 0.700000 
7 0.950000 0.700000 
7 0.960000 0.700000 
7 0.970000 0.700000 
7 0.980000 0.700000 
7 0.990000 0.700000 
7 1.000000 0.700000 
8 0.000000 0.800000 
8 0.010000 0.800000 
8 0.020000 0.800000 
8 0.030000 0.800000 
8 0.040000 0.800000 
8 0.050000 0.800000 
8 0.060000 0.800000 
8 0.070000 0.800000 
8 0.080000 0.800000 
8 0.090000 0.800000 
8 0.100000 0.800000 
8 0.110000 0.800000 
8 0.120000 0.800000 
8 0.130000 0.800000 
8 0.140000 0.800000 
8 0.150000 0.800000 
8 0.160000 0.800000 
8 0.170000 0.800000 
8 0.180000 0.800000 
8 0.190000 0.800000 
8 0.200000 0.800000 
8 0.210000 0.800000 
8 0.220000 0.800000 
8 0.230000 0.800000 
8 0.240000 0.800000 
8 0.250000 0.800000 
8 0.260000 0.800000 
8 0.270000 0.800000 
8 0.280000 0.800000 
8 0.290000 0.800000 
8 0.300000 0.800000 
8 0.310000 0.800000 
8 0.320000 0.800000 
8 0.330000 0.800000 
8 0.340000 0.800000 
8 0.350000 0.800000 
8 0.360000 0.800000 
8 0.370000 0.800000 
8 0.380000 0.800000 
8 0.390000 0.800000 
8 0.400000 0.800000 
8 0.410000 0.800000 
8 0.420000 0.800000 
8 0.430000 0.800000 
8 0.440000 0.800000 
8 0.450000 0.800000 
8 0.460000 0.800000 
8 0.470000 0.800000 
8 0.480000 0.800000 
8 0.490000 0.800000 
8 0.500000 0.800000 
8 0.510000 0.800000 
8 0.520000 0.800000 
8 0.530000 0.800000 
8 0.540000 0.800000 
8 0.550000 0.800000 
8 0.560000 0.800000 
8 0.570000 0.800000 
8 0.580000 0.800000 
8 0.590000 0.800000 
8 0.600000 0.800000 
8 0.610000 0.800000 
8 0.620000 0.800000 
8 0.630000 0.800000 
8 0.640000 0.800000 
8 0.650000 0.800000 
8 0.660000 0.800000 
8 0.670000 0.800000 
8 0.680000 0.800000 
8 0.690000 0.800000 
8 0.700000 0.800000 
8 0.710000 0.800000 
8 0.720000 0.800000 
8 0.730000 0.800000 
8 0.740000 0.800000 
8 0.750000 0.800000 
8 0.760000 0.800000 
8 0.770000 0.800000 
8 0.780000 0.800000 
8 0.790000 0.800000 
8 0.800000 0.800000 
8 0.810000 0.800000 
8 0.820000 0.800000 
8 0.830000 0.800000 
8 0.840000 0.800000 
8 0.850000 0.800000 
8 0.860000 0.800000 
8 0.870000 0.800000 
8 0.880000 0.800000 
8 0.890000 0.800000 
8 0.900000 0.800000 
8 0.910000 0.800000 
8 0.920000 0.800000 
8 0.930000 0.800000 
8 0.940000 0.800000 
8 0.950000 0.800000 
8 0.960000 0.800000 
8 0.970000 0.800000 
8 0.980000 0.800000 
8 0.990000 0.800000 
8 1.000000 0.800000 
9 0.000000 0.900000 
9 0.010000 0.900000 
9 0.020000 0.900000 
9 0.030000 0.900000 
9 0.040000 0.900000 
9 0.050000 0.900000 
9 0.060000 0.900000 
9 0.070000 0.900000 
9 0.080000 0.900000 
9 0.090000 0.900000 
9 0.100000 0.900000 
9 0.110000 0.900000 
9 0.120000 0.900000 
9 0.130000 0.900000 
9 0.140000 0.900000 
9 0.150000 0.900000 
9 0.160000 0.900000 
9 0.170000 0.900000 
9 0.180000 0.900000 
9 0.190000 0.900000 
9 0.200000 0.900000 
9 0.210000 0.900000 
9 0.220000 0.900000 
9 0.230000 0.900000 
9 0.240000 0.900000 
9 0.250000 0.900000 
9 0.260000 0.900000 
9 0.270000 0.900000 
9 0.280000 0.900000 
9 0.290000 0.900000 
9 0.300000 0.900000 
9 0.310000 0.900000 
9 0.320000 0.900000 
9 0.330000 0.900000 
9 0.340000 0.900000 
9 0.350000 0.900000 
9 0.360000 0.900000 
9 0.370000 0.900000 
9 0.380000 0.900000 
9 0.390000 0.900000 
9 0.400000 0.900000 
9 0.410000 0.900000 
9 0.420000 0.900000 
9 0.430000 0.900000 
9 0.440000 0.900000 
9 0.450000 0.900000 
9 0.460000 0.900000 
9 0.470000 0.900000 
9 0.480000 0.900000 
9 0.490000 0.900000 
9 0.500000 0.900000 
9 0.510000 0.900000 
9 0.520000 0.900000 
9 0.530000 0.900000 
9 0.540000 0.900000 
9 0.550000 0.900000 
9 0.560000 0.900000 
9 0.570000 0.900000 
9 0.580000 0.900000 
9 0.590000 0.900000 
9 0.600000 0.900000 
9 0.610000 0.900000 
9 0.620000 0.900000 
9 0.630000 0.900000 
9 0.640000 0.900000 
9 0.650000 0.900000 
9 0.660000 0.900000 
9 0.670000 0.900000 
9 0.680000 0.900000 
9 0.690000 0.900000 
9 0.700000 0.900000 
9 0.710000 0.900000 
9 0.720000 0.900000 
9 0.730000 0.900000 
9 0.740000 0.900000 
9 0.750000 0.900000 
9 0.760000 0.900000 
9 0.770000 0.900000 
9 0.780000 0.900000 
9 0.790000 0.900000 
9 0.800000 0.900000 
9 0.810000 0.900000 
9 0.820000 0.900000 
9 0.830000 0.900000 
9 0.840000 0.900000 
9 0.850000 0.900000 
9 0.860000 0.900000 
9 0.870000 0.900000 
9 0.880000 0.900000 
9 0.890000 0.900000 
9 0.900000 0.900000 
9 0.910000 0.900000 
9 0.920000 0.900000 
9 0.930000 0.900000 
9 0.940000 0.900000 
9 0.950000 0.900000 
9 0.960000 0.900000 
9 0.970000 0.900000 
9 0.980000 0.900000 
9 0.990000 0.900000 
9 1.000000 0.900000 
10 0.000000 1.000000 
10 0.010000 1.000000 
10 0.020000 1.000000 
10 0.030000 1.000000 
10 0.040000 1.000000 
10 0.050000 1.000000 
10 0.060000 1.000000 
10 0.070000 1.000000 
10 0.080000 1.000000 
10 0.090000 1.000000 
10 0.100000 1.000000 
10 0.110000 1.000000 
10 0.120000 1.000000 
10 0.130000 1.000000 
10 0.140000 1.000000 
10 0.150000 1.000000 
10 0.160000 1.000000 
10 0.170000 1.000000 
10 0.180000 1.000000 
10 0.190000 1.000000 
10 0.200000 1.000000 
10 0.210000 1.000000 
10 0.220000 1.000000 
10 0.230000 1.000000 
10 0.240000 1.000000 
10 0.250000 1.000000 
10 0.260000 1.000000 
10 0.270000 1.000000 
10 0.280000 1.000000 
10 0.290000 1.000000 
10 0.300000 1.000000 
10 0.310000 1.000000 
10 0.320000 1.000000 
10 0.330000 1.000000 
10 0.340000 1.000000 
10 0.350000 1.000000 
10 0.360000 1.000000 
10 0.370000 1.000000 
10 0.380000 1.000000 
10 0.390000 1.000000 
10 0.400000 1.000000 
10 0.410000 1.000000 
10 0.420000 1.000000 
10 0.430000 1.000000 
10 0.440000 1.000000 
10 0.450000 1.000000 
10 0.460000 1.000000 
10 0.470000 1.000000 
10 0.480000 1.000000 
10 0.490000 1.000000 
10 0.500000 1.000000 
10 0.510000 1.000000 
10 0.520000 1.000000 
10 0.530000 1.000000 
10 0.540000 1.000000 
10 0.550000 1.000000 
10 0.560000 1.000000 
10 0.570000 1.000000 
10 0.580000 1.000000 
10 0.590000 1.000000 
10 0.600000 1.000000 
10 0.610000 1.000000 
10 0.620000 1.000000 
10 0.630000 1.000000 
10 0.640000 1.000000 
10 0.650000 1.000000 
10 0.660000 1.000000 
10 0.670000 1.000000 
10 0.680000 1.000000 
10 0.690000 1.000000 
10 0.700000 1.000000 
10 0.710000 1.000000 
10 0.720000 1.000000 
10 0.730000 1.000000 
10 0.740000 1.000000 
10 0.750000 1.000000 
10 0.760000 1.000000 
10 0.770000 1.000000 
10 0.780000 1.000000 
10 0.790000 1.000000 
10 0.800000 1.000000 
10 0.810000 1.000000 
10 0.820000 1.000000 
10 0.830000 1.000000 
10 0.840000 1.000000 
10 0.850000 1.000000 
10 0.860000 1.000000 
10 0.870000 1.000000 
10 0.880000 1.000000 
10 0.890000 1.000000 
10 0.900000 1.000000 
10 0.910000 1.000000 
10 0.920000 1.000000 
10 0.930000 1.000000 
10 0.940000 1.000000 
10 0.950000 1.000000 
10 0.960000 1.000000 
10 0.970000 1.000000 
10 0.980000 1.000000 
10 0.990000 1.000000 
10 1.000000 1.000000 
11 0.000000 0.000000 
11 0.000000 0.010000 
11 0.000000 0.020000 
11 0.000000 0.030000 
11 0.000000 0.040000 
11 0.000000 0.050000 
11 0.000000 0.060000 
11 0.000000 0.070000 
11 0.000000 0.080000 
11 0.000000 0.090000 
11 0.000000 0.100000 
11 0.000000 0.110000 
11 0.000000 0.120000 
11 0.000000 0.130000 
11 0.000000 0.140000 
11 0.000000 0.150000 
11 0.000000 0.160000 
11 0.000000 0.170000 
11 0.000000 0.180000 
11 0.000000 0.190000 
11 0.000000 0.200000 
11 0.000000 0.210000 
11 0.000000 0.220000 
11 0.000000 0.230000 
11 0.000000 0.240000 
11 0.000000 0.250000 
11 0.000000 0.260000 
11 0.000000 0.270000 
11 0.000000 0.280000 
11 0.000000 0.290000 
11 0.000000 0.300000 
11 0.000000 0.310000 
11 0.000000 0.320000 
11 0.000000 0.330000 
11 0.000000 0.340000 
11 0.000000 0.350000 
11 0.000000 0.360000 
11 0.000000 0.370000 
11 0.000000 0.380000 
11 0.000000 0.390000 
11 0.000000 0.400000 
11 0.000000 0.410000 
11 0.000000 0.420000 
11 0.000000 0.430000 
11 0.000000 0.440000 
11 0.000000 0.450000 
11 0.000000 0.460000 
11 0.000000 0.470000 
11 0.000000 0.480000 
11 0.000000 0.490000 
11 0.000000 0.500000 
11 0.000000 0.510000 
11 0.000000 0.520000 
11 0.000000 0.530000 
11 0.000000 0.540000 
11 0.000000 0.550000 
11 0.000000 0.560000 
11 0.000000 0.570000 
11 0.000000 0.580000 
11 0.000000 0.590000 
11 0.000000 0.600000 
11 0.000000 0.610000 
11 0.000000 0.620000 
11 0.000000 0.630000 
11 0.000000 0.640000 
11 0.000000 0.650000 
11 0.000000 0.660000 
11 0.000000 0.670000 
11 0.000000 0.680000 
11 0.000000 0.690000 
11 0.000000 0.700000 
11 0.000000 0.710000 
11 0.000000 0.720000 
11 0.000000 0.730000 
11 0.000000 0.740000 
11 0.000000 0.750000 
11 0.000000 0.760000 
11 0.000000 0.770000 
11 0.000000 0.780000 
11 0.000000 0.790000 
11 0.000000 0.800000 
11 0.000000 0.810000 
11 0.000000 0.820000 
11 0.000000 0.830000 
11 0.000000 0.840000 
11 0.000000 0.850000 
11 0.000000 0.860000 
11 0.000000 0.870000 
11 0.000000 0.880000 
11 0.000000 0.890000 
11 0.000000 0.900000 
11 0.000000 0.910000 
11 0.000000 0.920000 
11 0.000000 0.930000 
11 0.000000 0.940000 
11 0.000000 0.950000 
11 0.000000 0.960000 
11 0.000000 0.970000 
11 0.000000 0.980000 
11 0.000000 0.990000 
11 0.000000 1.000000 
12 0.100000 0.000000 
12 0.100000 0.010000 
12 0.100000 0.020000 
12 0.100000 0.030000 
12 0.100000 0.040000 
12 0.100000 0.050000 
12 0.100000 0.060000 
12 0.100000 0.070000 
12 0.100000 0.080000 
12 0.100000 0.090000 
12 0.100000 0.100000 
12 0.100000 0.110000 
12 0.100000 0.120000 
12 0.100000 0.130000 
12 0.100000 0.140000 
12 0.100000 0.150000 
12 0.100000 0.160000 
12 0.100000 0.170000 
12 0.100000 0.180000 
12 0.100000 0.190000 
12 0.100000 0.200000 
12 0.100000 0.210000 
12 0.100000 0.220000 
12 0.100000 0.230000 
12 0.100000 0.240000 
12 0.100000 0.250000 
12 0.100000 0.260000 
12 0.100000 0.270000 
12 0.100000 0.280000 
12 0.100000 0.290000 
12 0.100000 0.300000 
12 0.100000 0.310000 
12 0.100000 0.320000 
12 0.100000 0.330000 
12 0.100000 0.340000 
12 0.100000 0.350000 
12 0.100000 0.360000 
12 0.100000 0.370000 
12 0.100000 0.380000 
12 0.100000 0.390000 
12 0.100000 0.400000 
12 0.100000 0.410000 
12 0.100000 0.420000 
12 0.100000 0.430000 
12 0.100000 0.440000 
12 0.100000 0.450000 
12 0.100000 0.460000 
12 0.100000 0.470000 
12 0.100000 0.480000 
12 0.100000 0.490000 
12 0.100000 0.500000 
12 0.100000 0.510000 
12 0.100000 0.520000 
12 0.100000 0.530000 
12 0.100000 0.540000 
12 0.100000 0.550000 
12 0.100000 0.560000 
12 0.100000 0.570000 
12 0.100000 0.580000 
12 0.100000 0.590000 
12 0.100000 0.600000 
12 0.100000 0.610000 
12 0.100000 0.620000 
12 0.100000 0.630000 
12 0.100000 0.640000 
12 0.100000 0.650000 
12 0.100000 0.660000 
12 0.100000 0.670000 
12 0.100000 0.680000 
12 0.100000 0.690000 
12 0.100000 0.700000 
12 0.100000 0.710000 
12 0.100000 0.720000 
12 0.100000 0.730000 
12 0.100000 0.740000 
12 0.100000 0.750000 
12 0.100000 0.760000 
12 0.100000 0.770000 
12 0.100000 0.780000 
12 0.100000 0.790000 
12 0.100000 0.800000 
12 0.100000 0.810000 
12 0.100000 0.820000 
12 0.100000 0.830000 
12 0.100000 0.840000 
12 0.100000 0.850000 
12 0.100000 0.860000 
12 0.100000 0.870000 
12 0.100000 0.880000 
12 0.100000 0.890000 
12 0.100000 0.900000 
12 0.100000 0.910000 
12 0.100000 0.920000 
12 0.100000 0.930000 
12 0.100000 0.940000 
12 0.100000 0.950000 
12 0.100000 0.960000 
12 0.100000 0.970000 
12 0.100000 0.980000 
12 0.100000 0.990000 
12 0.100000 1.000000 
13 0.200000 0.000000 
13 0.200000 0.010000 
13 0.200000 0.020000 
13 0.200000 0.030000 
13 0.200000 0.040000 
13 0.200000 0.050000 
13 0.200000 0.060000 
13 0.200000 0.070000 
13 0.200000 0.080000 
13 0.200000 0.090000 
13 0.200000 0.100000 
13 0.200000 0.110000 
13 0.200000 0.120000 
13 0.200000 0.130000 
13 0.200000 0.140000 
13 0.200000 0.150000 
13 0.200000 0.160000 
13 0.200000 0.170000 
13 0.200000 0.180000 
13 0.200000 0.190000 
13 0.200000 0.200000 
13 0.200000 0.210000 
13 0.200000 0.220000 
13 0.200000 0.230000 
13 0.200000 0.240000 
13 0.200000 0.250000 
13 0.200000 0.260000 
13 0.200000 0.270000 
13 0.200000 0.280000 
13 0.200000 0.290000 
13 0.200000 0.300000 
13 0.200000 0.310000 
13 0.200000 0.320000 
13 0.200000 0.330000 
13 0.200000 0.340000 
13 0.200000 0.350000 
13 0.200000 0.360000 
13 0.200000 0.370000 
13 0.200000 0.380000 
13 0.200000 0.390000 
13 0.200000 0.400000 
13 0.200000 0.410000 
13 0.200000 0.420000 
13 0.200000 0.430000 
13 0.200000 0.440000 
13 0.200000 0.450000 
13 0.200000 0.460000 
13 0.200000 0.470000 
13 0.200000 0.480000 
13 0.200000 0.490000 
13 0.200000 0.500000 
13 0.200000 0.510000 
13 0.200000 0.520000 
13 0.200000 0.530000 
13 0.200000 0.540000 
13 0.200000 0.550000 
13 0.200000 0.560000 
13 0.200000 0.570000 
13 0.200000 0.580000 
13 0.200000 0.590000 
13 0.200000 0.600000 
13 0.200000 0.610000 
13 0.200000 0.620000 
13 0.200000 0.630000 
13 0.200000 0.640000 
13 0.200000 0.650000 
13 0.200000 0.660000 
13 0.200000 0.670000 
13 0.200000 0.680000 
13 0.200000 0.690000 
13 0.200000 0.700000 
13 0.200000 0.710000 
13 0.200000 0.720000 
13 0.200000 0.730000 
13 0.200000 0.740000 
13 0.200000 0.750000 
13 0.200000 0.760000 
13 0.200000 0.770000 
13 0.200000 0.780000 
13 0.200000 0.790000 
13 0.200000 0.800000 
13 0.200000 0.810000 
13 0.200000 0.820000 
13 0.200000 0.830000 
13 0.200000 0.840000 
13 0.200000 0.850000 
13 0.200000 0.860000 
13 0.200000 0.870000 
13 0.200000 0.880000 
13 0.200000 0.890000 
13 0.200000 0.900000 
13 0.200000 0.910000 
13 0.200000 0.920000 
13 0.200000 0.930000 
13 0.200000 0.940000 
13 0.200000 0.950000 
13 0.200000 0.960000 
13 0.200000 0.970000 
13 0.200000 0.980000 
13 0.200000 0.990000 
13 0.200000 1.000000 
14 0.300000 0.000000 
14 0.300000 0.010000 
14 0.300000 0.020000 
14 0.300000 0.030000 
14 0.300000 0.040000 
14 0.300000 0.050000 
14 0.300000 0.060000 
14 0.300000 0.070000 
14 0.300000 0.080000 
14 0.300000 0.090000 
14 0.300000 0.100000 
14 0.300000 0.110000 
14 0.300000 0.120000 
14 0.300000 0.130000 
14 0.300000 0.140000 
14 0.300000 0.150000 
14 0.300000 0.160000 
14 0.300000 0.170000 
14 0.300000 0.180000 
14 0.300000 0.190000 
14 0.300000 0.200000 
14 0.300000 0.210000 
14 0.300000 0.220000 
14 0.300000 0.230000 
14 0.300000 0.240000 
14 0.300000 0.250000 
14 0.300000 0.260000 
14 0.300000 0.270000 
14 0.300000 0.280000 
14 0.300000 0.290000 
14 0.300000 0.300000 
14 0.300000 0.310000 
14 0.300000 0.320000 
14 0.300000 0.330000 
14 0.300000 0.340000 
14 0.300000 0.350000 
14 0.300000 0.360000 
14 0.300000 0.370000 
14 0.300000 0.380000 
14 0.300000 0.390000 
14 0.300000 0.400000 
14 0.300000 0.410000 
14 0.300000 0.420000 
14 0.300000 0.430000 
14 0.300000 0.440000 
14 0.300000 0.450000 
14 0.300000 0.460000 
14 0.300000 0.470000 
14 0.300000 0.480000 
14 0.300000 0.490000 
14 0.300000 0.500000 
14 0.300000 0.510000 
14 0.300000 0.520000 
14 0.300000 0.530000 
14 0.300000 0.540000 
14 0.300000 0.550000 
14 0.300000 0.560000 
14 0.300000 0.570000 
14 0.300000 0.580000 
14 0.300000 0.590000 
14 0.300000 0.600000 
14 0.300000 0.610000 
14 0.300000 0.620000 
14 0.300000 0.630000 
14 0.300000 0.640000 
14 0.300000 0.650000 
14 0.300000 0.660000 
14 0.300000 0.670000 
14 0.300000 0.680000 
14 0.300000 0.690000 
14 0.300000 0.700000 
14 0.300000 0.710000 
14 0.300000 0.720000 
14 0.300000 0.730000 
14 0.300000 0.740000 
14 0.300000 0.750000 
14 0.300000 0.760000 
14 0.300000 0.770000 
14 0.300000 0.780000 
14 0.300000 0.790000 
14 0.300000 0.800000 
14 0.300000 0.810000 
14 0.300000 0.820000 
14 0.300000 0.830000 
14 0.300000 0.840000 
14 0.300000 0.850000 
14 0.300000 0.860000 
14 0.300000 0.870000 
14 0.300000 0.880000 
14 0.300000 0.890000 
14 0.300000 0.900000 
14 0.300000 0.910000 
14 0.300000 0.920000 
14 0.300000 0.930000 
14 0.300000 0.940000 
14 0.300000 0.950000 
14 0.300000 0.960000 
14 0.300000 0.970000 
14 0.300000 0.980000 
14 0.300000 0.990000 
14 0.300000 1.000000 
15 0.400000 0.000000 
15 0.400000 0.010000 
15 0.400000 0.020000 
15 0.400000 0.030000 
15 0.400000 0.040000 
15 0.400000 0.050000 
15 0.400000 0.060000 
15 0.400000 0.070000 
15 0.400000 0.080000 
15 0.400000 0.090000 
15 0.400000 0.100000 
15 0.400000 0.110000 
15 0.400000 0.120000 
15 0.400000 0.130000 
15 0.400000 0.140000 
15 0.400000 0.150000 
15 0.400000 0.160000 
15 0.400000 0.170000 
15 0.400000 0.180000 
15 0.400000 0.190000 
15 0.400000 0.200000 
15 0.400000 0.210000 
15 0.400000 0.220000 
15 0.400000 0.230000 
15 0.400000 0.240000 
15 0.400000 0.250000 
15 0.400000 0.260000 
15 0.400000 0.270000 
15 0.400000 0.280000 
15 0.400000 0.290000 
15 0.400000 0.300000 
15 0.400000 0.310000 
15 0.400000 0.320000 
15 0.400000 0.330000 
15 0.400000 0.340000 
15 0.400000 0.350000 
15 0.400000 0.360000 
15 0.400000 0.370000 
15 0.400000 0.380000 
15 0.400000 0.390000 
15 0.400000 0.400000 
15 0.400000 0.410000 
15 0.400000 0.420000 
15 0.400000 0.430000 
15 0.400000 0.440000 
15 0.400000 0.450000 
15 0.400000 0.460000 
15 0.400000 0.470000 
15 0.400000 0.480000 
15 0.400000 0.490000 
15 0.400000 0.500000 
15 0.400000 0.510000 
15 0.400000 0.520000 
15 0.400000 0.530000 
15 0.400000 0.540000 
15 0.400000 0.550000 
15 0.400000 0.560000 
15 0.400000 0.570000 
15 0.400000 0.580000 
15 0.400000 0.590000 
15 0.400000 0.600000 
15 0.400000 0.610000 
15 0.400000 0.620000 
15 0.400000 0.630000 
15 0.400000 0.640000 
15 0.400000 0.650000 
15 0.400000 0.660000 
15 0.400000 0.670000 
15 0.400000 0.680000 
15 0.400000 0.690000 
15 0.400000 0.700000 
15 0.400000 0.710000 
15 0.400000 0.720000 
15 0.400000 0.730000 
15 0.400000 0.740000 
15 0.400000 0.750000 
15 0.400000 0.760000 
15 0.400000 0.770000 
15 0.400000 0.780000 
15 0.400000 0.790000 
15 0.400000 0.800000 
15 0.400000 0.810000 
15 0.400000 0.820000 
15 0.400000 0.830000 
15 0.400000 0.840000 
15 0.400000 0.850000 
15 0.400000 0.860000 
15 0.400000 0.870000 
15 0.400000 0.880000 
15 0.400000 0.890000 
15 0.400000 0.900000 
15 0.400000 0.910000 
15 0.400000 0.920000 
15 0.400000 0.930000 
15 0.400000 0.940000 
15 0.400000 0.950000 
15 0.400000 0.960000 
15 0.400000 0.970000 
15 0.400000 0.980000 
15 0.400000 0.990000 
15 0.400000 1.000000 
16 0.500000 0.000000 
16 0.500000 0.010000 
16 0.500000 0.020000 
16 0.500000 0.030000 
16 0.500000 0.040000 
16 0.500000 0.050000 
16 0.500000 0.060000 
16 0.500000 0.070000 
16 0.500000 0.080000 
16 0.500000 0.090000 
16 0.500000 0.100000 
16 0.500000 0.110000 
16 0.500000 0.120000 
16 0.500000 0.130000 
16 0.500000 0.140000 
16 0.500000 0.150000 
16 0.500000 0.160000 
16 0.500000 0.170000 
16 0.500000 0.180000 
16 0.500000 0.190000 
16 0.500000 0.200000 
16 0.500000 0.210000 
16 0.500000 0.220000 
16 0.500000 0.230000 
16 0.500000 0.240000 
16 0.500000 0.250000 
16 0.500000 0.260000 
16 0.500000 0.270000 
16 0.500000 0.280000 
16 0.500000 0.290000 
16 0.500000 0.300000 
16 0.500000 0.310000 
16 0.500000 0.320000 
16 0.500000 0.330000 
16 0.500000 0.340000 
16 0.500000 0.350000 
16 0.500000 0.360000 
16 0.500000 0.370000 
16 0.500000 0.380000 
16 0.500000 0.390000 
16 0.500000 0.400000 
16 0.500000 0.410000 
16 0.500000 0.420000 
16 0.500000 0.430000 
16 0.500000 0.440000 
16 0.500000 0.450000 
16 0.500000 0.460000 
16 0.500000 0.470000 
16 0.500000 0.480000 
16 0.500000 0.490000 
16 0.500000 0.500000 
16 0.500000 0.510000 
16 0.500000 0.520000 
16 0.500000 0.530000 
16 0.500000 0.540000 
16 0.500000 0.550000 
16 0.500000 0.560000 
16 0.500000 0.570000 
16 0.500000 0.580000 
16 0.500000 0.590000 
16 0.500000 0.600000 
16 0.500000 0.610000 
16 0.500000 0.620000 
16 0.500000 0.630000 
16 0.500000 0.640000 
16 0.500000 0.650000 
16 0.500000 0.660000 
16 0.500000 0.670000 
16 0.500000 0.680000 
16 0.500000 0.690000 
16 0.500000 0.700000 
16 0.500000 0.710000 
16 0.500000 0.720000 
16 0.500000 0.730000 
16 0.500000 0.740000 
16 0.500000 0.750000 
16 0.500000 0.760000 
16 0.500000 0.770000 
16 0.500000 0.780000 
16 0.500000 0.790000 
16 0.500000 0.800000 
16 0.500000 0.810000 
16 0.500000 0.820000 
16 0.500000 0.830000 
16 0.500000 0.840000 
16 0.500000 0.850000 
16 0.500000 0.860000 
16 0.500000 0.870000 
16 0.500000 0.880000 
16 0.500000 0.890000 
16 0.500000 0.900000 
16 0.500000 0.910000 
16 0.500000 0.920000 
16 0.500000 0.930000 
16 0.500000 0.940000 
16 0.500000 0.950000 
16 0.500000 0.960000 
16 0.500000 0.970000 
16 0.500000 0.980000 
16 0.500000 0.990000 
16 0.500000 1.000000 
17 0.600000 0.000000 
17 0.600000 0.010000 
17 0.600000 0.020000 
17 0.600000 0.030000 
17 0.600000 0.040000 
17 0.600000 0.050000 
17 0.600000 0.060000 
17 0.600000 0.070000 
17 0.600000 0.080000 
17 0.600000 0.090000 
17 0.600000 0.100000 
17 0.600000 0.110000 
17 0.600000 0.120000 
17 0.600000 0.130000 
17 0.600000 0.140000 
17 0.600000 0.150000 
17 0.600000 0.160000 
17 0.600000 0.170000 
17 0.600000 0.180000 
17 0.600000 0.190000 
17 0.600000 0.200000 
17 0.600000 0.210000 
17 0.600000 0.220000 
17 0.600000 0.230000 
17 0.600000 0.240000 
17 0.600000 0.250000 
17 0.600000 0.260000 
17 0.600000 0.270000 
17 0.600000 0.280000 
17 0.600000 0.290000 
17 0.600000 0.300000 
17 0.600000 0.310000 
17 0.600000 0.320000 
17 0.600000 0.330000 
17 0.600000 0.340000 
17 0.600000 0.350000 
17 0.600000 0.360000 
17 0.600000 0.370000 
17 0.600000 0.380000 
17 0.600000 0.390000 
17 0.600000 0.400000 
17 0.600000 0.410000 
17 0.600000 0.420000 
17 0.600000 0.430000 
17 0.600000 0.440000 
17 0.600000 0.450000 
17 0.600000 0.460000 
17 0.600000 0.470000 
17 0.600000 0.480000 
17 0.600000 0.490000 
17 0.600000 0.500000 
17 0.600000 0.510000 
17 0.600000 0.520000 
17 0.600000 0.530000 
17 0.600000 0.540000 
17 0.600000 0.550000 
17 0.600000 0.560000 
17 0.600000 0.570000 
17 0.600000 0.580000 
17 0.600000 0.590000 
17 0.600000 0.600000 
17 0.600000 0.610000 
17 0.600000 0.620000 
17 0.600000 0.630000 
17 0.600000 0.640000 
17 0.600000 0.650000 
17 0.600000 0.660000 
17 0.600000 0.670000 
17 0.600000 0.680000 
17 0.600000 0.690000 
17 0.600000 0.700000 
17 0.600000 0.710000 
17 0.600000 0.720000 
17 0.600000 0.730000 
17 0.600000 0.740000 
17 0.600000 0.750000 
17 0.600000 0.760000 
17 0.600000 0.770000 
17 0.600000 0.780000 
17 0.600000 0.790000 
17 0.600000 0.800000 
17 0.600000 0.810000 
17 0.600000 0.820000 
17 0.600000 0.830000 
17 0.600000 0.840000 
17 0.600000 0.850000 
17 0.600000 0.860000 
17 0.600000 0.870000 
17 0.600000 0.880000 
17 0.600000 0.890000 
17 0.600000 0.900000 
17 0.600000 0.910000 
17 0.600000 0.920000 
17 0.600000 0.930000 
17 0.600000 0.940000 
17 0.600000 0.950000 
17 0.600000 0.960000 
17 0.600000 0.970000 
17 0.600000 0.980000 
17 0.600000 0.990000 
17 0.600000 1.000000 
18 0.700000 0.000000 
18 0.700000 0.010000 
18 0.700000 0.020000 
18 0.700000 0.030000 
18 0.700000 0.040000 
18 0.700000 0.050000 
18 0.700000 0.060000 
18 0.700000 0.070000 
18 0.700000 0.080000 
18 0.700000 0.090000 
18 0.700000 0.100000 
18 0.700000 0.110000 
18 0.700000 0.120000 
18 0.700000 0.130000 
18 0.700000 0.140000 
18 0.700000 0.150000 
18 0.700000 0.160000 
18 0.700000 0.170000 
18 0.700000 0.180000 
18 0.700000 0.190000 
18 0.700000 0.200000 
18 0.700000 0.210000 
18 0.700000 0.220000 
18 0.700000 0.230000 
18 0.700000 0.240000 
18 0.700000 0.250000 
18 0.700000 0.260000 
18 0.700000 0.270000 
18 0.700000 0.280000 
18 0.700000 0.290000 
18 0.700000 0.300000 
18 0.700000 0.310000 
18 0.700000 0.320000 
18 0.700000 0.330000 
18 0.700000 0.340000 
18 0.700000 0.350000 
18 0.700000 0.360000 
18 0.700000 0.370000 
18 0.700000 0.380000 
18 0.700000 0.390000 
18 0.700000 0.400000 
18 0.700000 0.410000 
18 0.700000 0.420000 
18 0.700000 0.430000 
18 0.700000 0.440000 
18 0.700000 0.450000 
18 0.700000 0.460000 
18 0.700000 0.470000 
18 0.700000 0.480000 
18 0.700000 0.490000 
18 0.700000 0.500000 
18 0.700000 0.510000 
18 0.700000 0.520000 
18 0.700000 0.530000 
18 0.700000 0.540000 
18 0.700000 0.550000 
18 0.700000 0.560000 
18 0.700000 0.570000 
18 0.700000 0.580000 
18 0.700000 0.590000 
18 0.700000 0.600000 
18 0.700000 0.610000 
18 0.700000 0.620000 
18 0.700000 0.630000 
18 0.700000 0.640000 
18 0.700000 0.650000 
18 0.700000 0.660000 
18 0.700000 0.670000 
18 0.700000 0.680000 
18 0.700000 0.690000 
18 0.700000 0.700000 
18 0.700000 0.710000 
18 0.700000 0.720000 
18 0.700000 0.730000 
18 0.700000 0.740000 
18 0.700000 0.750000 
18 0.700000 0.760000 
18 0.700000 0.770000 
18 0.700000 0.780000 
18 0.700000 0.790000 
18 0.700000 0.800000 
18 0.700000 0.810000 
18 0.700000 0.820000 
18 0.700000 0.830000 
18 0.700000 0.840000 
18 0.700000 0.850000 
18 0.700000 0.860000 
18 0.700000 0.870000 
18 0.700000 0.880000 
18 0.700000 0.890000 
18 0.700000 0.900000 
18 0.700000 0.910000 
18 0.700000 0.920000 
18 0.700000 0.930000 
18 0.700000 0.940000 
18 0.700000 0.950000 
18 0.700000 0.960000 
18 0.700000 0.970000 
18 0.700000 0.980000 
18 0.700000 0.990000 
18 0.700000 1.000000 
19 0.800000 0.000000 
19 0.800000 0.010000 
19 0.800000 0.020000 
19 0.800000 0.030000 
19 0.800000 0.040000 
19 0.800000 0.050000 
19 0.800000 0.060000 
19 0.800000 0.070000 
19 0.800000 0.080000 
19 0.800000 0.090000 
19 0.800000 0.100000 
19 0.800000 0.110000 
19 0.800000 0.120000 
19 0.800000 0.130000 
19 0.800000 0.140000 
19 0.800000 0.150000 
19 0.800000 0.160000 
19 0.800000 0.170000 
19 0.800000 0.180000 
19 0.800000 0.190000 
19 0.800000 0.200000 
19 0.800000 0.210000 
19 0.800000 0.220000 
19 0.800000 0.230000 
19 0.800000 0.240000 
19 0.800000 0.250000 
19 0.800000 0.260000 
19 0.800000 0.270000 
19 0.800000 0.280000 
19 0.800000 0.290000 
19 0.800000 0.300000 
19 0.800000 0.310000 
19 0.800000 0.320000 
19 0.800000 0.330000 
19 0.800000 0.340000 
19 0.800000 0.350000 
19 0.800000 0.360000 
19 0.800000 0.370000 
19 0.800000 0.380000 
19 0.800000 0.390000 
19 0.800000 0.400000 
19 0.800000 0.410000 
19 0.800000 0.420000 
19 0.800000 0.430000 
19 0.800000 0.440000 
19 0.800000 0.450000 
19 0.800000 0.460000 
19 0.800000 0.470000 
19 0.800000 0.480000 
19 0.800000 0.490000 
19 0.800000 0.500000 
19 0.800000 0.510000 
19 0.800000 0.520000 
19 0.800000 0.530000 
19 0.800000 0.540000 
19 0.800000 0.550000 
19 0.800000 0.560000 
19 0.800000 0.570000 
19 0.800000 0.580000 
19 0.800000 0.590000 
19 0.800000 0.600000 
19 0.800000 0.610000 
19 0.800000 0.620000 
19 0.800000 0.630000 
19 0.800000 0.640000 
19 0.800000 0.650000 
19 0.800000 0.660000 
19 0.800000 0.670000 
19 0.800000 0.680000 
19 0.800000 0.690000 
19 0.800000 0.700000 
19 0.800000 0.710000 
19 0.800000 0.720000 
19 0.800000 0.730000 
19 0.800000 0.740000 
19 0.800000 0.750000 
19 0.800000 0.760000 
19 0.800000 0.770000 
19 0.800000 0.780000 
19 0.800000 0.790000 
19 0.800000 0.800000 
19 0.800000 0.810000 
19 0.800000 0.820000 
19 0.800000 0.830000 
19 0.800000 0.840000 
19 0.800000 0.850000 
19 0.800000 0.860000 
19 0.800000 0.870000 
19 0.800000 0.880000 
19 0.800000 0.890000 
19 0.800000 0.900000 
19 0.800000 0.910000 
19 0.800000 0.920000 
19 0.800000 0.930000 
19 0.800000 0.940000 
19 0.800000 0.950000 
19 0.800000 0.960000 
19 0.800000 0.970000 
19 0.800000 0.980000 
19 0.800000 0.990000 
19 0.800000 1.000000 
20 0.900000 0.000000 
20 0.900000 0.010000 
20 0.900000 0.020000 
20 0.900000 0.030000 
20 0.900000 0.040000 
20 0.900000 0.050000 
20 0.900000 0.060000 
20 0.900000 0.070000 
20 0.900000 0.080000 
20 0.900000 0.090000 
20 0.900000 0.100000 
20 0.900000 0.110000 
20 0.900000 0.120000 
20 0.900000 0.130000 
20 0.900000 0.140000 
20 0.900000 0.150000 
20 0.900000 0.160000 
20 0.900000 0.170000 
20 0.900000 0.180000 
20 0.900000 0.190000 
20 0.900000 0.200000 
20 0.900000 0.210000 
20 0.900000 0.220000 
20 0.900000 0.230000 
20 0.900000 0.240000 
20 0.900000 0.250000 
20 0.900000 0.260000 
20 0.900000 0.270000 
20 0.900000 0.280000 
20 0.900000 0.290000 
20 0.900000 0.300000 
20 0.900000 0.310000 
20 0.900000 0.320000 
20 0.900000 0.330000 
20 0.900000 0.340000 
20 0.900000 0.350000 
20 0.900000 0.360000 
20 0.900000 0.370000 
20 0.900000 0.380000 
20 0.900000 0.390000 
20 0.900000 0.400000 
20 0.900000 0.410000 
20 0.900000 0.420000 
20 0.900000 0.430000 
20 0.900000 0.440000 
20 0.900000 0.450000 
20 0.900000 0.460000 
20 0.900000 0.470000 
20 0.900000 0.480000 
20 0.900000 0.490000 
20 0.900000 0.500000 
20 0.900000 0.510000 
20 0.900000 0.520000 
20 0.900000 0.530000 
20 0.900000 0.540000 
20 0.900000 0.550000 
20 0.900000 0.560000 
20 0.900000 0.570000 
20 0.900000 0.580000 
20 0.900000 0.590000 
20 0.900000 0.600000 
20 0.900000 0.610000 
20 0.900000 0.620000 
20 0.900000 0.630000 
20 0.900000 0.640000 
20 0.900000 0.650000 
20 0.900000 0.660000 
20 0.900000 0.670000 
20 0.900000 0.680000 
20 0.900000 0.690000 
20 0.900000 0.700000 
20 0.900000 0.710000 
20 0.900000 0.720000 
20 0.900000 0.730000 
20 0.900000 0.740000 
20 0.900000 0.750000 
20 0.900000 0.760000 
20 0.900000 0.770000 
20 0.900000 0.780000 
20 0.900000 0.790000 
20 0.900000 0.800000 
20 0.900000 0.810000 
20 0.900000 0.820000 
20 0.900000 0.830000 
20 0.900000 0.840000 
20 0.900000 0.850000 
20 0.900000 0.860000 
20 0.900000 0.870000 
20 0.900000 0.880000 
20 0.900000 0.890000 
20 0.900000 0.900000 
20 0.900000 0.910000 
20 0.900000 0.920000 
20 0.900000 0.930000 
20 0.900000 0.940000 
20 0.900000 0.950000 
20 0.900000 0.960000 
20 0.900000 0.970000 
20 0.900000 0.980000 
20 0.900000 0.990000 
20 0.900000 1.000000 
21 1.000000 0.000000 
21 1.000000 0.010000 
21 1.000000 0.020000 
21 1.000000 0.030000 
21 1.000000 0.040000 
21 1.000000 0.050000 
21 1.000000 0.060000 
21 1.000000 0.070000 
21 1.000000 0.080000 
21 1.000000 0.090000 
21 1.000000 0.100000 
21 1.000000 0.110000 
21 1.000000 0.120000 
21 1.000000 0.130000 
21 1.000000 0.140000 
21 1.000000 0.150000 
21 1.000000 0.160000 
21 1.000000 0.170000 
21 1.000000 0.180000 
21 1.000000 0.190000 
21 1.000000 0.200000 
21 1.000000 0.210000 
21 1.000000 0.220000 
21 1.000000 0.230000 
21 1.000000 0.240000 
21 1.000000 0.250000 
21 1.000000 0.260000 
21 1.000000 0.270000 
21 1.000000 0.280000 
21 1.000000 0.290000 
21 1.000000 0.300000 
21 1.000000 0.310000 
21 1.000000 0.320000 
21 1.000000 0.330000 
21 1.000000 0.340000 
21 1.000000 0.350000 
21 1.000000 0.360000 
21 1.000000 0.370000 
21 1.000000 0.380000 
21 1.000000 0.390000 
21 1.000000 0.400000 
21 1.000000 0.410000 
21 1.000000 0.420000 
21 1.000000 0.430000 
21 1.000000 0.440000 
21 1.000000 0.450000 
21 1.000000 0.460000 
21 1.000000 0.470000 
21 1.000000 0.480000 
21 1.000000 0.490000 
21 1.000000 0.500000 
21 1.000000 0.510000 
21 1.000000 0.520000 
21 1.000000 0.530000 
21 1.000000 0.540000 
21 1.000000 0.550000 
21 1.000000 0.560000 
21 1.000000 0.570000 
21 1.000000 0.580000 
21 1.000000 0.590000 
21 1.000000 0.600000 
21 1.000000 0.610000 
21 1.000000 0.620000 
21 1.000000 0.630000 
21 1.000000 0.640000 
21 1.000000 0.650000 
21 1.000000 0.660000 
21 1.000000 0.670000 
21 1.000000 0.680000 
21 1.000000 0.690000 
21 1.000000 0.700000 
21 1.000000 0.710000 
21 1.000000 0.720000 
21 1.000000 0.730000 
21 1.000000 0.740000 
21 1.000000 0.750000 
21 1.000000 0.760000 
21 1.000000 0.770000 
21 1.000000 0.780000 
21 1.000000 0.790000 
21 1.000000 0.800000 
21 1.000000 0.810000 
21 1.000000 0.820000 
21 1.000000 0.830000 
21 1.000000 0.840000 
21 1.000000 0.850000 
21 1.000000 0.860000 
21 1.000000 0.870000 
21 1.000000 0.880000 
21 1.000000 0.890000 
21 1.000000 0.900000 
21 1.000000 0.910000 
21 1.000000 0.920000 
21 1.000000 0.930000 
21 1.000000 0.940000 
21 1.000000 0.950000 
21 1.000000 0.960000 
21 1.000000 0.970000 
21 1.000000 0.980000 
21 1.000000 0.990000 
21 1.000000 1.000000 
