0 0.000000 0.000000 
0 0.010000 0.000000 
0 0.020000 0.000000 
0 0.030000 0.000000 
0 0.040000 0.000000 
0 0.050000 0.000000 
0 0.060000 0.000000 
0 0.070000 0.000000 
0 0.080000 0.000000 
0 0.090000 0.000000 
0 0.100000 0.000000 
0 0.110000 0.000000 
0 0.120000 0.000000 
0 0.130000 0.000000 
0 0.140000 0.000000 
0 0.150000 0.000000 
0 0.160000 0.000000 
0 0.170000 0.000000 
0 0.180000 0.000000 
0 0.190000 0.000000 
0 0.200000 0.000000 
0 0.210000 0.000000 
0 0.220000 0.000000 
0 0.230000 0.000000 
0 0.240000 0.000000 
0 0.250000 0.000000 
0 0.260000 0.000000 
0 0.270000 0.000000 
0 0.280000 0.000000 
0 0.290000 0.000000 
0 0.300000 0.000000 
0 0.310000 0.000000 
0 0.320000 0.000000 
0 0.330000 0.000000 
0 0.340000 0.000000 
0 0.350000 0.000000 
0 0.360000 0.000000 
0 0.370000 0.000000 
0 0.380000 0.000000 
0 0.390000 0.000000 
0 0.400000 0.000000 
0 0.410000 0.000000 
0 0.420000 0.000000 
0 0.430000 0.000000 
0 0.440000 0.000000 
0 0.450000 0.000000 
0 0.460000 0.000000 
0 0.470000 0.000000 
0 0.480000 0.000000 
0 0.490000 0.000000 
0 0.500000 0.000000 
0 0.510000 0.000000 
0 0.520000 0.000000 
0 0.530000 0.000000 
0 0.540000 0.000000 
0 0.550000 0.000000 
0 0.560000 0.000000 
0 0.570000 0.000000 
0 0.580000 0.000000 
0 0.590000 0.000000 
0 0.600000 0.000000 
0 0.610000 0.000000 
0 0.620000 0.000000 
0 0.630000 0.000000 
0 0.640000 0.000000 
0 0.650000 0.000000 
0 0.660000 0.000000 
0 0.670000 0.000000 
0 0.680000 0.000000 
0 0.690000 0.000000 
0 0.700000 0.000000 
0 0.710000 0.000000 
0 0.720000 0.000000 
0 0.730000 0.000000 
0 0.740000 0.000000 
0 0.750000 0.000000 
0 0.760000 0.000000 
0 0.770000 0.000000 
0 0.780000 0.000000 
0 0.790000 0.000000 
0 0.800000 0.000000 
0 0.810000 0.000000 
0 0.820000 0.000000 
0 0.830000 0.000000 
0 0.840000 0.000000 
0 0.850000 0.000000 
0 0.860000 0.000000 
0 0.870000 0.000000 
0 0.880000 0.000000 
0 0.890000 0.000000 
0 0.900000 0.000000 
0 0.910000 0.000000 
0 0.920000 0.000000 
0 0.930000 0.000000 
0 0.940000 0.000000 
0 0.950000 0.000000 
0 0.960000 0.000000 
0 0.970000 0.000000 
0 0.980000 0.000000 
0 0.990000 0.000000 
0 1.000000 0.000000 
1 0.000000 0.142857 
1 0.010000 0.142857 
1 0.020000 0.142857 
1 0.030000 0.142857 
1 0.040000 0.142857 
1 0.050000 0.142857 
1 0.060000 0.142857 
1 0.070000 0.142857 
1 0.080000 0.142857 
1 0.090000 0.142857 
1 0.100000 0.142857 
1 0.110000 0.142857 
1 0.120000 0.142857 
1 0.130000 0.142857 
1 0.140000 0.142857 
1 0.150000 0.142857 
1 0.160000 0.142857 
1 0.170000 0.142857 
1 0.180000 0.142857 
1 0.190000 0.142857 
1 0.200000 0.142857 
1 0.210000 0.142857 
1 0.220000 0.142857 
1 0.230000 0.142857 
1 0.240000 0.142857 
1 0.250000 0.142857 
1 0.260000 0.142857 
1 0.270000 0.142857 
1 0.280000 0.142857 
1 0.290000 0.142857 
1 0.300000 0.142857 
1 0.310000 0.142857 
1 0.320000 0.142857 
1 0.330000 0.142857 
1 0.340000 0.142857 
1 0.350000 0.142857 
1 0.360000 0.142857 
1 0.370000 0.142857 
1 0.380000 0.142857 
1 0.390000 0.142857 
1 0.400000 0.142857 
1 0.410000 0.142857 
1 0.420000 0.142857 
1 0.430000 0.142857 
1 0.440000 0.142857 
1 0.450000 0.142857 
1 0.460000 0.142857 
1 0.470000 0.142857 
1 0.480000 0.142857 
1 0.490000 0.142857 
1 0.500000 0.142857 
1 0.510000 0.142857 
1 0.520000 0.142857 
1 0.530000 0.142857 
1 0.540000 0.142857 
1 0.550000 0.142857 
1 0.560000 0.142857 
1 0.570000 0.142857 
1 0.580000 0.142857 
1 0.590000 0.142857 
1 0.600000 0.142857 
1 0.610000 0.142857 
1 0.620000 0.142857 
1 0.630000 0.142857 
1 0.640000 0.142857 
1 0.650000 0.142857 
1 0.660000 0.142857 
1 0.670000 0.142857 
1 0.680000 0.142857 
1 0.690000 0.142857 
1 0.700000 0.142857 
1 0.710000 0.142857 
1 0.720000 0.142857 
1 0.730000 0.142857 
1 0.740000 0.142857 
1 0.750000 0.142857 
1 0.760000 0.142857 
1 0.770000 0.142857 
1 0.780000 0.142857 
1 0.790000 0.142857 
1 0.800000 0.142857 
1 0.810000 0.142857 
1 0.820000 0.142857 
1 0.830000 0.142857 
1 0.840000 0.142857 
1 0.850000 0.142857 
1 0.860000 0.142857 
1 0.870000 0.142857 
1 0.880000 0.142857 
1 0.890000 0.142857 
1 0.900000 0.142857 
1 0.910000 0.142857 
1 0.920000 0.142857 
1 0.930000 0.142857 
1 0.940000 0.142857 
1 0.950000 0.142857 
1 0.960000 0.142857 
1 0.970000 0.142857 
1 0.980000 0.142857 
1 0.990000 0.142857 
1 1.000000 0.142857 
2 0.000000 0.285714 
2 0.010000 0.285714 
2 0.020000 0.285714 
2 0.030000 0.285714 
2 0.040000 0.285714 
2 0.050000 0.285714 
2 0.060000 0.285714 
2 0.070000 0.285714 
2 0.080000 0.285714 
2 0.090000 0.285714 
2 0.100000 0.285714 
2 0.110000 0.285714 
2 0.120000 0.285714 
2 0.130000 0.285714 
2 0.140000 0.285714 
2 0.150000 0.285714 
2 0.160000 0.285714 
2 0.170000 0.285714 
2 0.180000 0.285714 
2 0.190000 0.285714 
2 0.200000 0.285714 
2 0.210000 0.285714 
2 0.220000 0.285714 
2 0.230000 0.285714 
2 0.240000 0.285714 
2 0.250000 0.285714 
2 0.260000 0.285714 
2 0.270000 0.285714 
2 0.280000 0.285714 
2 0.290000 0.285714 
2 0.300000 0.285714 
2 0.310000 0.285714 
2 0.320000 0.285714 
2 0.330000 0.285714 
2 0.340000 0.285714 
2 0.350000 0.285714 
2 0.360000 0.285714 
2 0.370000 0.285714 
2 0.380000 0.285714 
2 0.390000 0.285714 
2 0.400000 0.285714 
2 0.410000 0.285714 
2 0.420000 0.285714 
2 0.430000 0.285714 
2 0.440000 0.285714 
2 0.450000 0.285714 
2 0.460000 0.285714 
2 0.470000 0.285714 
2 0.480000 0.285714 
2 0.490000 0.285714 
2 0.500000 0.285714 
2 0.510000 0.285714 
2 0.520000 0.285714 
2 0.530000 0.285714 
2 0.540000 0.285714 
2 0.550000 0.285714 
2 0.560000 0.285714 
2 0.570000 0.285714 
2 0.580000 0.285714 
2 0.590000 0.285714 
2 0.600000 0.285714 
2 0.610000 0.285714 
2 0.620000 0.285714 
2 0.630000 0.285714 
2 0.640000 0.285714 
2 0.650000 0.285714 
2 0.660000 0.285714 
2 0.670000 0.285714 
2 0.680000 0.285714 
2 0.690000 0.285714 
2 0.700000 0.285714 
2 0.710000 0.285714 
2 0.720000 0.285714 
2 0.730000 0.285714 
2 0.740000 0.285714 
2 0.750000 0.285714 
2 0.760000 0.285714 
2 0.770000 0.285714 
2 0.780000 0.285714 
2 0.790000 0.285714 
2 0.800000 0.285714 
2 0.810000 0.285714 
2 0.820000 0.285714 
2 0.830000 0.285714 
2 0.840000 0.285714 
2 0.850000 0.285714 
2 0.860000 0.285714 
2 0.870000 0.285714 
2 0.880000 0.285714 
2 0.890000 0.285714 
2 0.900000 0.285714 
2 0.910000 0.285714 
2 0.920000 0.285714 
2 0.930000 0.285714 
2 0.940000 0.285714 
2 0.950000 0.285714 
2 0.960000 0.285714 
2 0.970000 0.285714 
2 0.980000 0.285714 
2 0.990000 0.285714 
2 1.000000 0.285714 
3 0.000000 0.428571 
3 0.010000 0.428571 
3 0.020000 0.428571 
3 0.030000 0.428571 
3 0.040000 0.428571 
3 0.050000 0.428571 
3 0.060000 0.428571 
3 0.070000 0.428571 
3 0.080000 0.428571 
3 0.090000 0.428571 
3 0.100000 0.428571 
3 0.110000 0.428571 
3 0.120000 0.428571 
3 0.130000 0.428571 
3 0.140000 0.428571 
3 0.150000 0.428571 
3 0.160000 0.428571 
3 0.170000 0.428571 
3 0.180000 0.428571 
3 0.190000 0.428571 
3 0.200000 0.428571 
3 0.210000 0.428571 
3 0.220000 0.428571 
3 0.230000 0.428571 
3 0.240000 0.428571 
3 0.250000 0.428571 
3 0.260000 0.428571 
3 0.270000 0.428571 
3 0.280000 0.428571 
3 0.290000 0.428571 
3 0.300000 0.428571 
3 0.310000 0.428571 
3 0.320000 0.428571 
3 0.330000 0.428571 
3 0.340000 0.428571 
3 0.350000 0.428571 
3 0.360000 0.428571 
3 0.370000 0.428571 
3 0.380000 0.428571 
3 0.390000 0.428571 
3 0.400000 0.428571 
3 0.410000 0.428571 
3 0.420000 0.428571 
3 0.430000 0.428571 
3 0.440000 0.428571 
3 0.450000 0.428571 
3 0.460000 0.428571 
3 0.470000 0.428571 
3 0.480000 0.428571 
3 0.490000 0.428571 
3 0.500000 0.428571 
3 0.510000 0.428571 
3 0.520000 0.428571 
3 0.530000 0.428571 
3 0.540000 0.428571 
3 0.550000 0.428571 
3 0.560000 0.428571 
3 0.570000 0.428571 
3 0.580000 0.428571 
3 0.590000 0.428571 
3 0.600000 0.428571 
3 0.610000 0.428571 
3 0.620000 0.428571 
3 0.630000 0.428571 
3 0.640000 0.428571 
3 0.650000 0.428571 
3 0.660000 0.428571 
3 0.670000 0.428571 
3 0.680000 0.428571 
3 0.690000 0.428571 
3 0.700000 0.428571 
3 0.710000 0.428571 
3 0.720000 0.428571 
3 0.730000 0.428571 
3 0.740000 0.428571 
3 0.750000 0.428571 
3 0.760000 0.428571 
3 0.770000 0.428571 
3 0.780000 0.428571 
3 0.790000 0.428571 
3 0.800000 0.428571 
3 0.810000 0.428571 
3 0.820000 0.428571 
3 0.830000 0.428571 
3 0.840000 0.428571 
3 0.850000 0.428571 
3 0.860000 0.428571 
3 0.870000 0.428571 
3 0.880000 0.428571 
3 0.890000 0.428571 
3 0.900000 0.428571 
3 0.910000 0.428571 
3 0.920000 0.428571 
3 0.930000 0.428571 
3 0.940000 0.428571 
3 0.950000 0.428571 
3 0.960000 0.428571 
3 0.970000 0.428571 
3 0.980000 0.428571 
3 0.990000 0.428571 
3 1.000000 0.428571 
4 0.000000 0.571429 
4 0.010000 0.571429 
4 0.020000 0.571429 
4 0.030000 0.571429 
4 0.040000 0.571429 
4 0.050000 0.571429 
4 0.060000 0.571429 
4 0.070000 0.571429 
4 0.080000 0.571429 
4 0.090000 0.571429 
4 0.100000 0.571429 
4 0.110000 0.571429 
4 0.120000 0.571429 
4 0.130000 0.571429 
4 0.140000 0.571429 
4 0.150000 0.571429 
4 0.160000 0.571429 
4 0.170000 0.571429 
4 0.180000 0.571429 
4 0.190000 0.571429 
4 0.200000 0.571429 
4 0.210000 0.571429 
4 0.220000 0.571429 
4 0.230000 0.571429 
4 0.240000 0.571429 
4 0.250000 0.571429 
4 0.260000 0.571429 
4 0.270000 0.571429 
4 0.280000 0.571429 
4 0.290000 0.571429 
4 0.300000 0.571429 
4 0.310000 0.571429 
4 0.320000 0.571429 
4 0.330000 0.571429 
4 0.340000 0.571429 
4 0.350000 0.571429 
4 0.360000 0.571429 
4 0.370000 0.571429 
4 0.380000 0.571429 
4 0.390000 0.571429 
4 0.400000 0.571429 
4 0.410000 0.571429 
4 0.420000 0.571429 
4 0.430000 0.571429 
4 0.440000 0.571429 
4 0.450000 0.571429 
4 0.460000 0.571429 
4 0.470000 0.571429 
4 0.480000 0.571429 
4 0.490000 0.571429 
4 0.500000 0.571429 
4 0.510000 0.571429 
4 0.520000 0.571429 
4 0.530000 0.571429 
4 0.540000 0.571429 
4 0.550000 0.571429 
4 0.560000 0.571429 
4 0.570000 0.571429 
4 0.580000 0.571429 
4 0.590000 0.571429 
4 0.600000 0.571429 
4 0.610000 0.571429 
4 0.620000 0.571429 
4 0.630000 0.571429 
4 0.640000 0.571429 
4 0.650000 0.571429 
4 0.660000 0.571429 
4 0.670000 0.571429 
4 0.680000 0.571429 
4 0.690000 0.571429 
4 0.700000 0.571429 
4 0.710000 0.571429 
4 0.720000 0.571429 
4 0.730000 0.571429 
4 0.740000 0.571429 
4 0.750000 0.571429 
4 0.760000 0.571429 
4 0.770000 0.571429 
4 0.780000 0.571429 
4 0.790000 0.571429 
4 0.800000 0.571429 
4 0.810000 0.571429 
4 0.820000 0.571429 
4 0.830000 0.571429 
4 0.840000 0.571429 
4 0.850000 0.571429 
4 0.860000 0.571429 
4 0.870000 0.571429 
4 0.880000 0.571429 
4 0.890000 0.571429 
4 0.900000 0.571429 
4 0.910000 0.571429 
4 0.920000 0.571429 
4 0.930000 0.571429 
4 0.940000 0.571429 
4 0.950000 0.571429 
4 0.960000 0.571429 
4 0.970000 0.571429 
4 0.980000 0.571429 
4 0.990000 0.571429 
4 1.000000 0.571429 
5 0.000000 0.714286 
5 0.010000 0.714286 
5 0.020000 0.714286 
5 0.030000 0.714286 
5 0.040000 0.714286 
5 0.050000 0.714286 
5 0.060000 0.714286 
5 0.070000 0.714286 
5 0.080000 0.714286 
5 0.090000 0.714286 
5 0.100000 0.714286 
5 0.110000 0.714286 
5 0.120000 0.714286 
5 0.130000 0.714286 
5 0.140000 0.714286 
5 0.150000 0.714286 
5 0.160000 0.714286 
5 0.170000 0.714286 
5 0.180000 0.714286 
5 0.190000 0.714286 
5 0.200000 0.714286 
5 0.210000 0.714286 
5 0.220000 0.714286 
5 0.230000 0.714286 
5 0.240000 0.714286 
5 0.250000 0.714286 
5 0.260000 0.714286 
5 0.270000 0.714286 
5 0.280000 0.714286 
5 0.290000 0.714286 
5 0.300000 0.714286 
5 0.310000 0.714286 
5 0.320000 0.714286 
5 0.330000 0.714286 
5 0.340000 0.714286 
5 0.350000 0.714286 
5 0.360000 0.714286 
5 0.370000 0.714286 
5 0.380000 0.714286 
5 0.390000 0.714286 
5 0.400000 0.714286 
5 0.410000 0.714286 
5 0.420000 0.714286 
5 0.430000 0.714286 
5 0.440000 0.714286 
5 0.450000 0.714286 
5 0.460000 0.714286 
5 0.470000 0.714286 
5 0.480000 0.714286 
5 0.490000 0.714286 
5 0.500000 0.714286 
5 0.510000 0.714286 
5 0.520000 0.714286 
5 0.530000 0.714286 
5 0.540000 0.714286 
5 0.550000 0.714286 
5 0.560000 0.714286 
5 0.570000 0.714286 
5 0.580000 0.714286 
5 0.590000 0.714286 
5 0.600000 0.714286 
5 0.610000 0.714286 
5 0.620000 0.714286 
5 0.630000 0.714286 
5 0.640000 0.714286 
5 0.650000 0.714286 
5 0.660000 0.714286 
5 0.670000 0.714286 
5 0.680000 0.714286 
5 0.690000 0.714286 
5 0.700000 0.714286 
5 0.710000 0.714286 
5 0.720000 0.714286 
5 0.730000 0.714286 
5 0.740000 0.714286 
5 0.750000 0.714286 
5 0.760000 0.714286 
5 0.770000 0.714286 
5 0.780000 0.714286 
5 0.790000 0.714286 
5 0.800000 0.714286 
5 0.810000 0.714286 
5 0.820000 0.714286 
5 0.830000 0.714286 
5 0.840000 0.714286 
5 0.850000 0.714286 
5 0.860000 0.714286 
5 0.870000 0.714286 
5 0.880000 0.714286 
5 0.890000 0.714286 
5 0.900000 0.714286 
5 0.910000 0.714286 
5 0.920000 0.714286 
5 0.930000 0.714286 
5 0.940000 0.714286 
5 0.950000 0.714286 
5 0.960000 0.714286 
5 0.970000 0.714286 
5 0.980000 0.714286 
5 0.990000 0.714286 
5 1.000000 0.714286 
6 0.000000 0.857143 
6 0.010000 0.857143 
6 0.020000 0.857143 
6 0.030000 0.857143 
6 0.040000 0.857143 
6 0.050000 0.857143 
6 0.060000 0.857143 
6 0.070000 0.857143 
6 0.080000 0.857143 
6 0.090000 0.857143 
6 0.100000 0.857143 
6 0.110000 0.857143 
6 0.120000 0.857143 
6 0.130000 0.857143 
6 0.140000 0.857143 
6 0.150000 0.857143 
6 0.160000 0.857143 
6 0.170000 0.857143 
6 0.180000 0.857143 
6 0.190000 0.857143 
6 0.200000 0.857143 
6 0.210000 0.857143 
6 0.220000 0.857143 
6 0.230000 0.857143 
6 0.240000 0.857143 
6 0.250000 0.857143 
6 0.260000 0.857143 
6 0.270000 0.857143 
6 0.280000 0.857143 
6 0.290000 0.857143 
6 0.300000 0.857143 
6 0.310000 0.857143 
6 0.320000 0.857143 
6 0.330000 0.857143 
6 0.340000 0.857143 
6 0.350000 0.857143 
6 0.360000 0.857143 
6 0.370000 0.857143 
6 0.380000 0.857143 
6 0.390000 0.857143 
6 0.400000 0.857143 
6 0.410000 0.857143 
6 0.420000 0.857143 
6 0.430000 0.857143 
6 0.440000 0.857143 
6 0.450000 0.857143 
6 0.460000 0.857143 
6 0.470000 0.857143 
6 0.480000 0.857143 
6 0.490000 0.857143 
6 0.500000 0.857143 
6 0.510000 0.857143 
6 0.520000 0.857143 
6 0.530000 0.857143 
6 0.540000 0.857143 
6 0.550000 0.857143 
6 0.560000 0.857143 
6 0.570000 0.857143 
6 0.580000 0.857143 
6 0.590000 0.857143 
6 0.600000 0.857143 
6 0.610000 0.857143 
6 0.620000 0.857143 
6 0.630000 0.857143 
6 0.640000 0.857143 
6 0.650000 0.857143 
6 0.660000 0.857143 
6 0.670000 0.857143 
6 0.680000 0.857143 
6 0.690000 0.857143 
6 0.700000 0.857143 
6 0.710000 0.857143 
6 0.720000 0.857143 
6 0.730000 0.857143 
6 0.740000 0.857143 
6 0.750000 0.857143 
6 0.760000 0.857143 
6 0.770000 0.857143 
6 0.780000 0.857143 
6 0.790000 0.857143 
6 0.800000 0.857143 
6 0.810000 0.857143 
6 0.820000 0.857143 
6 0.830000 0.857143 
6 0.840000 0.857143 
6 0.850000 0.857143 
6 0.860000 0.857143 
6 0.870000 0.857143 
6 0.880000 0.857143 
6 0.890000 0.857143 
6 0.900000 0.857143 
6 0.910000 0.857143 
6 0.920000 0.857143 
6 0.930000 0.857143 
6 0.940000 0.857143 
6 0.950000 0.857143 
6 0.960000 0.857143 
6 0.970000 0.857143 
6 0.980000 0.857143 
6 0.990000 0.857143 
6 1.000000 0.857143 
7 0.000000 1.000000 
7 0.010000 1.000000 
7 0.020000 1.000000 
7 0.030000 1.000000 
7 0.040000 1.000000 
7 0.050000 1.000000 
7 0.060000 1.000000 
7 0.070000 1.000000 
7 0.080000 1.000000 
7 0.090000 1.000000 
7 0.100000 1.000000 
7 0.110000 1.000000 
7 0.120000 1.000000 
7 0.130000 1.000000 
7 0.140000 1.000000 
7 0.150000 1.000000 
7 0.160000 1.000000 
7 0.170000 1.000000 
7 0.180000 1.000000 
7 0.190000 1.000000 
7 0.200000 1.000000 
7 0.210000 1.000000 
7 0.220000 1.000000 
7 0.230000 1.000000 
7 0.240000 1.000000 
7 0.250000 1.000000 
7 0.260000 1.000000 
7 0.270000 1.000000 
7 0.280000 1.000000 
7 0.290000 1.000000 
7 0.300000 1.000000 
7 0.310000 1.000000 
7 0.320000 1.000000 
7 0.330000 1.000000 
7 0.340000 1.000000 
7 0.350000 1.000000 
7 0.360000 1.000000 
7 0.370000 1.000000 
7 0.380000 1.000000 
7 0.390000 1.000000 
7 0.400000 1.000000 
7 0.410000 1.000000 
7 0.420000 1.000000 
7 0.430000 1.000000 
7 0.440000 1.000000 
7 0.450000 1.000000 
7 0.460000 1.000000 
7 0.470000 1.000000 
7 0.480000 1.000000 
7 0.490000 1.000000 
7 0.500000 1.000000 
7 0.510000 1.000000 
7 0.520000 1.000000 
7 0.530000 1.000000 
7 0.540000 1.000000 
7 0.550000 1.000000 
7 0.560000 1.000000 
7 0.570000 1.000000 
7 0.580000 1.000000 
7 0.590000 1.000000 
7 0.600000 1.000000 
7 0.610000 1.000000 
7 0.620000 1.000000 
7 0.630000 1.000000 
7 0.640000 1.000000 
7 0.650000 1.000000 
7 0.660000 1.000000 
7 0.670000 1.000000 
7 0.680000 1.000000 
7 0.690000 1.000000 
7 0.700000 1.000000 
7 0.710000 1.000000 
7 0.720000 1.000000 
7 0.730000 1.000000 
7 0.740000 1.000000 
7 0.750000 1.000000 
7 0.760000 1.000000 
7 0.770000 1.000000 
7 0.780000 1.000000 
7 0.790000 1.000000 
7 0.800000 1.000000 
7 0.810000 1.000000 
7 0.820000 1.000000 
7 0.830000 1.000000 
7 0.840000 1.000000 
7 0.850000 1.000000 
7 0.860000 1.000000 
7 0.870000 1.000000 
7 0.880000 1.000000 
7 0.890000 1.000000 
7 0.900000 1.000000 
7 0.910000 1.000000 
7 0.920000 1.000000 
7 0.930000 1.000000 
7 0.940000 1.000000 
7 0.950000 1.000000 
7 0.960000 1.000000 
7 0.970000 1.000000 
7 0.980000 1.000000 
7 0.990000 1.000000 
7 1.000000 1.000000 
8 0.000000 0.000000 
8 0.000000 0.010000 
8 0.000000 0.020000 
8 0.000000 0.030000 
8 0.000000 0.040000 
8 0.000000 0.050000 
8 0.000000 0.060000 
8 0.000000 0.070000 
8 0.000000 0.080000 
8 0.000000 0.090000 
8 0.000000 0.100000 
8 0.000000 0.110000 
8 0.000000 0.120000 
8 0.000000 0.130000 
8 0.000000 0.140000 
8 0.000000 0.150000 
8 0.000000 0.160000 
8 0.000000 0.170000 
8 0.000000 0.180000 
8 0.000000 0.190000 
8 0.000000 0.200000 
8 0.000000 0.210000 
8 0.000000 0.220000 
8 0.000000 0.230000 
8 0.000000 0.240000 
8 0.000000 0.250000 
8 0.000000 0.260000 
8 0.000000 0.270000 
8 0.000000 0.280000 
8 0.000000 0.290000 
8 0.000000 0.300000 
8 0.000000 0.310000 
8 0.000000 0.320000 
8 0.000000 0.330000 
8 0.000000 0.340000 
8 0.000000 0.350000 
8 0.000000 0.360000 
8 0.000000 0.370000 
8 0.000000 0.380000 
8 0.000000 0.390000 
8 0.000000 0.400000 
8 0.000000 0.410000 
8 0.000000 0.420000 
8 0.000000 0.430000 
8 0.000000 0.440000 
8 0.000000 0.450000 
8 0.000000 0.460000 
8 0.000000 0.470000 
8 0.000000 0.480000 
8 0.000000 0.490000 
8 0.000000 0.500000 
8 0.000000 0.510000 
8 0.000000 0.520000 
8 0.000000 0.530000 
8 0.000000 0.540000 
8 0.000000 0.550000 
8 0.000000 0.560000 
8 0.000000 0.570000 
8 0.000000 0.580000 
8 0.000000 0.590000 
8 0.000000 0.600000 
8 0.000000 0.610000 
8 0.000000 0.620000 
8 0.000000 0.630000 
8 0.000000 0.640000 
8 0.000000 0.650000 
8 0.000000 0.660000 
8 0.000000 0.670000 
8 0.000000 0.680000 
8 0.000000 0.690000 
8 0.000000 0.700000 
8 0.000000 0.710000 
8 0.000000 0.720000 
8 0.000000 0.730000 
8 0.000000 0.740000 
8 0.000000 0.750000 
8 0.000000 0.760000 
8 0.000000 0.770000 
8 0.000000 0.780000 
8 0.000000 0.790000 
8 0.000000 0.800000 
8 0.000000 0.810000 
8 0.000000 0.820000 
8 0.000000 0.830000 
8 0.000000 0.840000 
8 0.000000 0.850000 
8 0.000000 0.860000 
8 0.000000 0.870000 
8 0.000000 0.880000 
8 0.000000 0.890000 
8 0.000000 0.900000 
8 0.000000 0.910000 
8 0.000000 0.920000 
8 0.000000 0.930000 
8 0.000000 0.940000 
8 0.000000 0.950000 
8 0.000000 0.960000 
8 0.000000 0.970000 
8 0.000000 0.980000 
8 0.000000 0.990000 
8 0.000000 1.000000 
9 0.142857 0.000000 
9 0.142857 0.010000 
9 0.142857 0.020000 
9 0.142857 0.030000 
9 0.142857 0.040000 
9 0.142857 0.050000 
9 0.142857 0.060000 
9 0.142857 0.070000 
9 0.142857 0.080000 
9 0.142857 0.090000 
9 0.142857 0.100000 
9 0.142857 0.110000 
9 0.142857 0.120000 
9 0.142857 0.130000 
9 0.142857 0.140000 
9 0.142857 0.150000 
9 0.142857 0.160000 
9 0.142857 0.170000 
9 0.142857 0.180000 
9 0.142857 0.190000 
9 0.142857 0.200000 
9 0.142857 0.210000 
9 0.142857 0.220000 
9 0.142857 0.230000 
9 0.142857 0.240000 
9 0.142857 0.250000 
9 0.142857 0.260000 
9 0.142857 0.270000 
9 0.142857 0.280000 
9 0.142857 0.290000 
9 0.142857 0.300000 
9 0.142857 0.310000 
9 0.142857 0.320000 
9 0.142857 0.330000 
9 0.142857 0.340000 
9 0.142857 0.350000 
9 0.142857 0.360000 
9 0.142857 0.370000 
9 0.142857 0.380000 
9 0.142857 0.390000 
9 0.142857 0.400000 
9 0.142857 0.410000 
9 0.142857 0.420000 
9 0.142857 0.430000 
9 0.142857 0.440000 
9 0.142857 0.450000 
9 0.142857 0.460000 
9 0.142857 0.470000 
9 0.142857 0.480000 
9 0.142857 0.490000 
9 0.142857 0.500000 
9 0.142857 0.510000 
9 0.142857 0.520000 
9 0.142857 0.530000 
9 0.142857 0.540000 
9 0.142857 0.550000 
9 0.142857 0.560000 
9 0.142857 0.570000 
9 0.142857 0.580000 
9 0.142857 0.590000 
9 0.142857 0.600000 
9 0.142857 0.610000 
9 0.142857 0.620000 
9 0.142857 0.630000 
9 0.142857 0.640000 
9 0.142857 0.650000 
9 0.142857 0.660000 
9 0.142857 0.670000 
9 0.142857 0.680000 
9 0.142857 0.690000 
9 0.142857 0.700000 
9 0.142857 0.710000 
9 0.142857 0.720000 
9 0.142857 0.730000 
9 0.142857 0.740000 
9 0.142857 0.750000 
9 0.142857 0.760000 
9 0.142857 0.770000 
9 0.142857 0.780000 
9 0.142857 0.790000 
9 0.142857 0.800000 
9 0.142857 0.810000 
9 0.142857 0.820000 
9 0.142857 0.830000 
9 0.142857 0.840000 
9 0.142857 0.850000 
9 0.142857 0.860000 
9 0.142857 0.870000 
9 0.142857 0.880000 
9 0.142857 0.890000 
9 0.142857 0.900000 
9 0.142857 0.910000 
9 0.142857 0.920000 
9 0.142857 0.930000 
9 0.142857 0.940000 
9 0.142857 0.950000 
9 0.142857 0.960000 
9 0.142857 0.970000 
9 0.142857 0.980000 
9 0.142857 0.990000 
9 0.142857 1.000000 
10 0.285714 0.000000 
10 0.285714 0.010000 
10 0.285714 0.020000 
10 0.285714 0.030000 
10 0.285714 0.040000 
10 0.285714 0.050000 
10 0.285714 0.060000 
10 0.285714 0.070000 
10 0.285714 0.080000 
10 0.285714 0.090000 
10 0.285714 0.100000 
10 0.285714 0.110000 
10 0.285714 0.120000 
10 0.285714 0.130000 
10 0.285714 0.140000 
10 0.285714 0.150000 
10 0.285714 0.160000 
10 0.285714 0.170000 
10 0.285714 0.180000 
10 0.285714 0.190000 
10 0.285714 0.200000 
10 0.285714 0.210000 
10 0.285714 0.220000 
10 0.285714 0.230000 
10 0.285714 0.240000 
10 0.285714 0.250000 
10 0.285714 0.260000 
10 0.285714 0.270000 
10 0.285714 0.280000 
10 0.285714 0.290000 
10 0.285714 0.300000 
10 0.285714 0.310000 
10 0.285714 0.320000 
10 0.285714 0.330000 
10 0.285714 0.340000 
10 0.285714 0.350000 
10 0.285714 0.360000 
10 0.285714 0.370000 
10 0.285714 0.380000 
10 0.285714 0.390000 
10 0.285714 0.400000 
10 0.285714 0.410000 
10 0.285714 0.420000 
10 0.285714 0.430000 
10 0.285714 0.440000 
10 0.285714 0.450000 
10 0.285714 0.460000 
10 0.285714 0.470000 
10 0.285714 0.480000 
10 0.285714 0.490000 
10 0.285714 0.500000 
10 0.285714 0.510000 
10 0.285714 0.520000 
10 0.285714 0.530000 
10 0.285714 0.540000 
10 0.285714 0.550000 
10 0.285714 0.560000 
10 0.285714 0.570000 
10 0.285714 0.580000 
10 0.285714 0.590000 
10 0.285714 0.600000 
10 0.285714 0.610000 
10 0.285714 0.620000 
10 0.285714 0.630000 
10 0.285714 0.640000 
10 0.285714 0.650000 
10 0.285714 0.660000 
10 0.285714 0.670000 
10 0.285714 0.680000 
10 0.285714 0.690000 
10 0.285714 0.700000 
10 0.285714 0.710000 
10 0.285714 0.720000 
10 0.285714 0.730000 
10 0.285714 0.740000 
10 0.285714 0.750000 
10 0.285714 0.760000 
10 0.285714 0.770000 
10 0.285714 0.780000 
10 0.285714 0.790000 
10 0.285714 0.800000 
10 0.285714 0.810000 
10 0.285714 0.820000 
10 0.285714 0.830000 
10 0.285714 0.840000 
10 0.285714 0.850000 
10 0.285714 0.860000 
10 0.285714 0.870000 
10 0.285714 0.880000 
10 0.285714 0.890000 
10 0.285714 0.900000 
10 0.285714 0.910000 
10 0.285714 0.920000 
10 0.285714 0.930000 
10 0.285714 0.940000 
10 0.285714 0.950000 
10 0.285714 0.960000 
10 0.285714 0.970000 
10 0.285714 0.980000 
10 0.285714 0.990000 
10 0.285714 1.000000 
11 0.428571 0.000000 
11 0.428571 0.010000 
11 0.428571 0.020000 
11 0.428571 0.030000 
11 0.428571 0.040000 
11 0.428571 0.050000 
11 0.428571 0.060000 
11 0.428571 0.070000 
11 0.428571 0.080000 
11 0.428571 0.090000 
11 0.428571 0.100000 
11 0.428571 0.110000 
11 0.428571 0.120000 
11 0.428571 0.130000 
11 0.428571 0.140000 
11 0.428571 0.150000 
11 0.428571 0.160000 
11 0.428571 0.170000 
11 0.428571 0.180000 
11 0.428571 0.190000 
11 0.428571 0.200000 
11 0.428571 0.210000 
11 0.428571 0.220000 
11 0.428571 0.230000 
11 0.428571 0.240000 
11 0.428571 0.250000 
11 0.428571 0.260000 
11 0.428571 0.270000 
11 0.428571 0.280000 
11 0.428571 0.290000 
11 0.428571 0.300000 
11 0.428571 0.310000 
11 0.428571 0.320000 
11 0.428571 0.330000 
11 0.428571 0.340000 
11 0.428571 0.350000 
11 0.428571 0.360000 
11 0.428571 0.370000 
11 0.428571 0.380000 
11 0.428571 0.390000 
11 0.428571 0.400000 
11 0.428571 0.410000 
11 0.428571 0.420000 
11 0.428571 0.430000 
11 0.428571 0.440000 
11 0.428571 0.450000 
11 0.428571 0.460000 
11 0.428571 0.470000 
11 0.428571 0.480000 
11 0.428571 0.490000 
11 0.428571 0.500000 
11 0.428571 0.510000 
11 0.428571 0.520000 
11 0.428571 0.530000 
11 0.428571 0.540000 
11 0.428571 0.550000 
11 0.428571 0.560000 
11 0.428571 0.570000 
11 0.428571 0.580000 
11 0.428571 0.590000 
11 0.428571 0.600000 
11 0.428571 0.610000 
11 0.428571 0.620000 
11 0.428571 0.630000 
11 0.428571 0.640000 
11 0.428571 0.650000 
11 0.428571 0.660000 
11 0.428571 0.670000 
11 0.428571 0.680000 
11 0.428571 0.690000 
11 0.428571 0.700000 
11 0.428571 0.710000 
11 0.428571 0.720000 
11 0.428571 0.730000 
11 0.428571 0.740000 
11 0.428571 0.750000 
11 0.428571 0.760000 
11 0.428571 0.770000 
11 0.428571 0.780000 
11 0.428571 0.790000 
11 0.428571 0.800000 
11 0.428571 0.810000 
11 0.428571 0.820000 
11 0.428571 0.830000 
11 0.428571 0.840000 
11 0.428571 0.850000 
11 0.428571 0.860000 
11 0.428571 0.870000 
11 0.428571 0.880000 
11 0.428571 0.890000 
11 0.428571 0.900000 
11 0.428571 0.910000 
11 0.428571 0.920000 
11 0.428571 0.930000 
11 0.428571 0.940000 
11 0.428571 0.950000 
11 0.428571 0.960000 
11 0.428571 0.970000 
11 0.428571 0.980000 
11 0.428571 0.990000 
11 0.428571 1.000000 
12 0.571429 0.000000 
12 0.571429 0.010000 
12 0.571429 0.020000 
12 0.571429 0.030000 
12 0.571429 0.040000 
12 0.571429 0.050000 
12 0.571429 0.060000 
12 0.571429 0.070000 
12 0.571429 0.080000 
12 0.571429 0.090000 
12 0.571429 0.100000 
12 0.571429 0.110000 
12 0.571429 0.120000 
12 0.571429 0.130000 
12 0.571429 0.140000 
12 0.571429 0.150000 
12 0.571429 0.160000 
12 0.571429 0.170000 
12 0.571429 0.180000 
12 0.571429 0.190000 
12 0.571429 0.200000 
12 0.571429 0.210000 
12 0.571429 0.220000 
12 0.571429 0.230000 
12 0.571429 0.240000 
12 0.571429 0.250000 
12 0.571429 0.260000 
12 0.571429 0.270000 
12 0.571429 0.280000 
12 0.571429 0.290000 
12 0.571429 0.300000 
12 0.571429 0.310000 
12 0.571429 0.320000 
12 0.571429 0.330000 
12 0.571429 0.340000 
12 0.571429 0.350000 
12 0.571429 0.360000 
12 0.571429 0.370000 
12 0.571429 0.380000 
12 0.571429 0.390000 
12 0.571429 0.400000 
12 0.571429 0.410000 
12 0.571429 0.420000 
12 0.571429 0.430000 
12 0.571429 0.440000 
12 0.571429 0.450000 
12 0.571429 0.460000 
12 0.571429 0.470000 
12 0.571429 0.480000 
12 0.571429 0.490000 
12 0.571429 0.500000 
12 0.571429 0.510000 
12 0.571429 0.520000 
12 0.571429 0.530000 
12 0.571429 0.540000 
12 0.571429 0.550000 
12 0.571429 0.560000 
12 0.571429 0.570000 
12 0.571429 0.580000 
12 0.571429 0.590000 
12 0.571429 0.600000 
12 0.571429 0.610000 
12 0.571429 0.620000 
12 0.571429 0.630000 
12 0.571429 0.640000 
12 0.571429 0.650000 
12 0.571429 0.660000 
12 0.571429 0.670000 
12 0.571429 0.680000 
12 0.571429 0.690000 
12 0.571429 0.700000 
12 0.571429 0.710000 
12 0.571429 0.720000 
12 0.571429 0.730000 
12 0.571429 0.740000 
12 0.571429 0.750000 
12 0.571429 0.760000 
12 0.571429 0.770000 
12 0.571429 0.780000 
12 0.571429 0.790000 
12 0.571429 0.800000 
12 0.571429 0.810000 
12 0.571429 0.820000 
12 0.571429 0.830000 
12 0.571429 0.840000 
12 0.571429 0.850000 
12 0.571429 0.860000 
12 0.571429 0.870000 
12 0.571429 0.880000 
12 0.571429 0.890000 
12 0.571429 0.900000 
12 0.571429 0.910000 
12 0.571429 0.920000 
12 0.571429 0.930000 
12 0.571429 0.940000 
12 0.571429 0.950000 
12 0.571429 0.960000 
12 0.571429 0.970000 
12 0.571429 0.980000 
12 0.571429 0.990000 
12 0.571429 1.000000 
13 0.714286 0.000000 
13 0.714286 0.010000 
13 0.714286 0.020000 
13 0.714286 0.030000 
13 0.714286 0.040000 
13 0.714286 0.050000 
13 0.714286 0.060000 
13 0.714286 0.070000 
13 0.714286 0.080000 
13 0.714286 0.090000 
13 0.714286 0.100000 
13 0.714286 0.110000 
13 0.714286 0.120000 
13 0.714286 0.130000 
13 0.714286 0.140000 
13 0.714286 0.150000 
13 0.714286 0.160000 
13 0.714286 0.170000 
13 0.714286 0.180000 
13 0.714286 0.190000 
13 0.714286 0.200000 
13 0.714286 0.210000 
13 0.714286 0.220000 
13 0.714286 0.230000 
13 0.714286 0.240000 
13 0.714286 0.250000 
13 0.714286 0.260000 
13 0.714286 0.270000 
13 0.714286 0.280000 
13 0.714286 0.290000 
13 0.714286 0.300000 
13 0.714286 0.310000 
13 0.714286 0.320000 
13 0.714286 0.330000 
13 0.714286 0.340000 
13 0.714286 0.350000 
13 0.714286 0.360000 
13 0.714286 0.370000 
13 0.714286 0.380000 
13 0.714286 0.390000 
13 0.714286 0.400000 
13 0.714286 0.410000 
13 0.714286 0.420000 
13 0.714286 0.430000 
13 0.714286 0.440000 
13 0.714286 0.450000 
13 0.714286 0.460000 
13 0.714286 0.470000 
13 0.714286 0.480000 
13 0.714286 0.490000 
13 0.714286 0.500000 
13 0.714286 0.510000 
13 0.714286 0.520000 
13 0.714286 0.530000 
13 0.714286 0.540000 
13 0.714286 0.550000 
13 0.714286 0.560000 
13 0.714286 0.570000 
13 0.714286 0.580000 
13 0.714286 0.590000 
13 0.714286 0.600000 
13 0.714286 0.610000 
13 0.714286 0.620000 
13 0.714286 0.630000 
13 0.714286 0.640000 
13 0.714286 0.650000 
13 0.714286 0.660000 
13 0.714286 0.670000 
13 0.714286 0.680000 
13 0.714286 0.690000 
13 0.714286 0.700000 
13 0.714286 0.710000 
13 0.714286 0.720000 
13 0.714286 0.730000 
13 0.714286 0.740000 
13 0.714286 0.750000 
13 0.714286 0.760000 
13 0.714286 0.770000 
13 0.714286 0.780000 
13 0.714286 0.790000 
13 0.714286 0.800000 
13 0.714286 0.810000 
13 0.714286 0.820000 
13 0.714286 0.830000 
13 0.714286 0.840000 
13 0.714286 0.850000 
13 0.714286 0.860000 
13 0.714286 0.870000 
13 0.714286 0.880000 
13 0.714286 0.890000 
13 0.714286 0.900000 
13 0.714286 0.910000 
13 0.714286 0.920000 
13 0.714286 0.930000 
13 0.714286 0.940000 
13 0.714286 0.950000 
13 0.714286 0.960000 
13 0.714286 0.970000 
13 0.714286 0.980000 
13 0.714286 0.990000 
13 0.714286 1.000000 
14 0.857143 0.000000 
14 0.857143 0.010000 
14 0.857143 0.020000 
14 0.857143 0.030000 
14 0.857143 0.040000 
14 0.857143 0.050000 
14 0.857143 0.060000 
14 0.857143 0.070000 
14 0.857143 0.080000 
14 0.857143 0.090000 
14 0.857143 0.100000 
14 0.857143 0.110000 
14 0.857143 0.120000 
14 0.857143 0.130000 
14 0.857143 0.140000 
14 0.857143 0.150000 
14 0.857143 0.160000 
14 0.857143 0.170000 
14 0.857143 0.180000 
14 0.857143 0.190000 
14 0.857143 0.200000 
14 0.857143 0.210000 
14 0.857143 0.220000 
14 0.857143 0.230000 
14 0.857143 0.240000 
14 0.857143 0.250000 
14 0.857143 0.260000 
14 0.857143 0.270000 
14 0.857143 0.280000 
14 0.857143 0.290000 
14 0.857143 0.300000 
14 0.857143 0.310000 
14 0.857143 0.320000 
14 0.857143 0.330000 
14 0.857143 0.340000 
14 0.857143 0.350000 
14 0.857143 0.360000 
14 0.857143 0.370000 
14 0.857143 0.380000 
14 0.857143 0.390000 
14 0.857143 0.400000 
14 0.857143 0.410000 
14 0.857143 0.420000 
14 0.857143 0.430000 
14 0.857143 0.440000 
14 0.857143 0.450000 
14 0.857143 0.460000 
14 0.857143 0.470000 
14 0.857143 0.480000 
14 0.857143 0.490000 
14 0.857143 0.500000 
14 0.857143 0.510000 
14 0.857143 0.520000 
14 0.857143 0.530000 
14 0.857143 0.540000 
14 0.857143 0.550000 
14 0.857143 0.560000 
14 0.857143 0.570000 
14 0.857143 0.580000 
14 0.857143 0.590000 
14 0.857143 0.600000 
14 0.857143 0.610000 
14 0.857143 0.620000 
14 0.857143 0.630000 
14 0.857143 0.640000 
14 0.857143 0.650000 
14 0.857143 0.660000 
14 0.857143 0.670000 
14 0.857143 0.680000 
14 0.857143 0.690000 
14 0.857143 0.700000 
14 0.857143 0.710000 
14 0.857143 0.720000 
14 0.857143 0.730000 
14 0.857143 0.740000 
14 0.857143 0.750000 
14 0.857143 0.760000 
14 0.857143 0.770000 
14 0.857143 0.780000 
14 0.857143 0.790000 
14 0.857143 0.800000 
14 0.857143 0.810000 
14 0.857143 0.820000 
14 0.857143 0.830000 
14 0.857143 0.840000 
14 0.857143 0.850000 
14 0.857143 0.860000 
14 0.857143 0.870000 
14 0.857143 0.880000 
14 0.857143 0.890000 
14 0.857143 0.900000 
14 0.857143 0.910000 
14 0.857143 0.920000 
14 0.857143 0.930000 
14 0.857143 0.940000 
14 0.857143 0.950000 
14 0.857143 0.960000 
14 0.857143 0.970000 
14 0.857143 0.980000 
14 0.857143 0.990000 
14 0.857143 1.000000 
15 1.000000 0.000000 
15 1.000000 0.010000 
15 1.000000 0.020000 
15 1.000000 0.030000 
15 1.000000 0.040000 
15 1.000000 0.050000 
15 1.000000 0.060000 
15 1.000000 0.070000 
15 1.000000 0.080000 
15 1.000000 0.090000 
15 1.000000 0.100000 
15 1.000000 0.110000 
15 1.000000 0.120000 
15 1.000000 0.130000 
15 1.000000 0.140000 
15 1.000000 0.150000 
15 1.000000 0.160000 
15 1.000000 0.170000 
15 1.000000 0.180000 
15 1.000000 0.190000 
15 1.000000 0.200000 
15 1.000000 0.210000 
15 1.000000 0.220000 
15 1.000000 0.230000 
15 1.000000 0.240000 
15 1.000000 0.250000 
15 1.000000 0.260000 
15 1.000000 0.270000 
15 1.000000 0.280000 
15 1.000000 0.290000 
15 1.000000 0.300000 
15 1.000000 0.310000 
15 1.000000 0.320000 
15 1.000000 0.330000 
15 1.000000 0.340000 
15 1.000000 0.350000 
15 1.000000 0.360000 
15 1.000000 0.370000 
15 1.000000 0.380000 
15 1.000000 0.390000 
15 1.000000 0.400000 
15 1.000000 0.410000 
15 1.000000 0.420000 
15 1.000000 0.430000 
15 1.000000 0.440000 
15 1.000000 0.450000 
15 1.000000 0.460000 
15 1.000000 0.470000 
15 1.000000 0.480000 
15 1.000000 0.490000 
15 1.000000 0.500000 
15 1.000000 0.510000 
15 1.000000 0.520000 
15 1.000000 0.530000 
15 1.000000 0.540000 
15 1.000000 0.550000 
15 1.000000 0.560000 
15 1.000000 0.570000 
15 1.000000 0.580000 
15 1.000000 0.590000 
15 1.000000 0.600000 
15 1.000000 0.610000 
15 1.000000 0.620000 
15 1.000000 0.630000 
15 1.000000 0.640000 
15 1.000000 0.650000 
15 1.000000 0.660000 
15 1.000000 0.670000 
15 1.000000 0.680000 
15 1.000000 0.690000 
15 1.000000 0.700000 
15 1.000000 0.710000 
15 1.000000 0.720000 
15 1.000000 0.730000 
15 1.000000 0.740000 
15 1.000000 0.750000 
15 1.000000 0.760000 
15 1.000000 0.770000 
15 1.000000 0.780000 
15 1.000000 0.790000 
15 1.000000 0.800000 
15 1.000000 0.810000 
15 1.000000 0.820000 
15 1.000000 0.830000 
15 1.000000 0.840000 
15 1.000000 0.850000 
15 1.000000 0.860000 
15 1.000000 0.870000 
15 1.000000 0.880000 
15 1.000000 0.890000 
15 1.000000 0.900000 
15 1.000000 0.910000 
15 1.000000 0.920000 
15 1.000000 0.930000 
15 1.000000 0.940000 
15 1.000000 0.950000 
15 1.000000 0.960000 
15 1.000000 0.970000 
15 1.000000 0.980000 
15 1.000000 0.990000 
15 1.000000 1.000000 
