513 300
0.112191 0.457979
0.093247 0.416714
0.0937192 0.408885
0.0903677 0.407734
0.0920396 0.401147
0.0954518 0.39702
0.090986 0.393817
0.0956917 0.389888
0.0917445 0.386821
0.0972739 0.383152
0.0935692 0.380456
0.0977077 0.376523
0.0951672 0.370785
0.0989105 0.36763
0.0995793 0.359807
0.102197 0.352597
0.110283 0.315002
0.111941 0.307757
0.11011 0.301682
0.115252 0.298335
0.11306 0.295
0.110683 0.291259
0.115205 0.287667
0.118495 0.28747
0.111371 0.282018
0.11501 0.28
0.119693 0.279879
0.121885 0.273184
0.117154 0.272333
0.113254 0.272077
0.115872 0.264729
0.121442 0.267
0.125765 0.263815
0.122612 0.257667
0.118196 0.258696
0.120848 0.252379
0.126706 0.255
0.130377 0.254173
0.133092 0.247684
0.12768 0.246667
0.12216 0.246534
0.10949 0.240728
0.106864 0.24572
0.102488 0.247515
0.0979407 0.249077
0.0931359 0.245231
0.0961663 0.241111
0.101949 0.240333
0.104288 0.235
0.0987654 0.234444
0.0941521 0.233
0.0904363 0.237978
0.089977 0.227581
0.0945419 0.226667
0.0943533 0.219265
0.0989072 0.214452
0.105898 0.216346
0.101553 0.219031
0.100111 0.225952
0.105263 0.225
0.110112 0.224349
0.108187 0.231667
0.111651 0.234686
0.125009 0.239719
0.128655 0.24
0.132066 0.241667
0.136901 0.2411
0.135088 0.236333
0.140913 0.232085
0.136452 0.23
0.129897 0.233569
0.13253 0.228333
0.131412 0.222965
0.131692 0.216643
0.136777 0.220556
0.138889 0.225
0.141813 0.221667
0.144838 0.225509
0.149425 0.21981
0.156282 0.211316
0.152047 0.211667
0.148148 0.213333
0.144444 0.215667
0.141813 0.211667
0.138596 0.212333
0.134503 0.211667
0.130518 0.207499
0.133528 0.2025
0.136647 0.205667
0.140351 0.201667
0.14425 0.205
0.148148 0.206667
0.153021 0.203333
0.157895 0.203333
0.160763 0.206582
0.164152 0.204352
0.165107 0.199667
0.170697 0.200648
0.174798 0.196499
0.169396 0.194333
0.165692 0.193333
0.161988 0.191
0.158869 0.195952
0.153996 0.196667
0.148798 0.198889
0.143665 0.196333
0.136257 0.195667
0.132252 0.195516
0.135785 0.18567
0.138726 0.19
0.1423 0.19
0.146849 0.190556
0.151072 0.191667
0.155361 0.189667
0.158545 0.184444
0.153996 0.183333
0.149123 0.183333
0.143665 0.183667
0.141332 0.179185
0.147321 0.176176
0.152057 0.175551
0.156628 0.175059
0.160819 0.18
0.162929 0.175651
0.168257 0.179529
0.165042 0.185556
0.169935 0.186078
0.173768 0.188967
0.376492 0.183057
0.379944 0.182445
0.383032 0.178235
0.386976 0.181605
0.388943 0.187548
0.384211 0.187667
0.380535 0.191667
0.375844 0.190012
0.376347 0.197046
0.380807 0.200627
0.384329 0.197712
0.387877 0.194597
0.401146 0.196029
0.405458 0.2
0.409941 0.196333
0.406043 0.193
0.405185 0.186649
0.408382 0.181667
0.404973 0.17783
0.410721 0.176333
0.405698 0.16872
0.409162 0.169
0.41345 0.171
0.416667 0.170833
0.419298 0.172333
0.422807 0.169
0.427096 0.169
0.425369 0.161667
0.420078 0.160714
0.415789 0.163667
0.411501 0.162333
0.407508 0.159953
0.40979 0.154326
0.41462 0.156333
0.419688 0.153667
0.414456 0.14936
0.419795 0.146253
0.423657 0.148737
0.428657 0.146923
0.426316 0.153667
0.430382 0.155476
0.434067 0.154957
0.436223 0.161981
0.431774 0.163333
0.431774 0.17
0.436418 0.170345
0.434654 0.176612
0.430799 0.176667
0.427096 0.177667
0.423002 0.176667
0.420858 0.182333
0.416569 0.179667
0.41384 0.183667
0.410656 0.188889
0.415205 0.191667
0.419428 0.188889
0.423587 0.193
0.42885 0.19
0.425369 0.185
0.431384 0.183
0.434283 0.18641
0.43939 0.186718
0.444278 0.19083
0.440546 0.193333
0.436322 0.193889
0.434113 0.198333
0.430214 0.195
0.425926 0.198333
0.422027 0.201667
0.418908 0.197667
0.41423 0.2
0.418908 0.207667
0.415205 0.206667
0.410981 0.206667
0.407602 0.205667
0.402534 0.205
0.397141 0.204832
0.399415 0.211
0.395445 0.214576
0.397081 0.22033
0.401365 0.219
0.403704 0.214333
0.407212 0.214333
0.409552 0.219
0.405458 0.223333
0.402144 0.227
0.397661 0.226667
0.393563 0.226466
0.392112 0.234505
0.395517 0.234333
0.39961 0.233333
0.404483 0.234048
0.401559 0.24
0.399123 0.2425
0.395906 0.242333
0.390974 0.242374
0.395712 0.25
0.390977 0.250017
0.390558 0.256306
0.394412 0.258333
0.390085 0.26476
0.393762 0.266667
0.391732 0.273395
0.388067 0.306328
0.394013 0.280493
0.396097 0.273783
0.397991 0.26645
0.397661 0.26
0.400994 0.257039
0.400195 0.250333
0.404053 0.247691
0.406614 0.241976
0.409334 0.236628
0.412211 0.231603
0.408707 0.227778
0.414518 0.226203
0.418091 0.221547
0.41384 0.219667
0.41423 0.213333
0.420078 0.214333
0.423492 0.216126
0.424534 0.208333
0.428942 0.209995
0.42885 0.203333
0.432749 0.203333
0.434133 0.207428
0.439082 0.20361
0.44152 0.199167
0.445419 0.20312
0.456356 0.204007
0.451584 0.202484
0.446582 0.195703
0.450254 0.196031
0.458158 0.186733
0.463094 0.189637
0.468193 0.184951
0.4654 0.181667
0.461988 0.181667
0.457445 0.179744
0.458856 0.173322
0.462214 0.1711
0.465594 0.171318
0.468335 0.17609
0.481227 0.181548
0.48603 0.182222
0.490643 0.179667
0.494477 0.182778
0.498441 0.179667
0.502729 0.179
0.505068 0.174333
0.49883 0.172333
0.495322 0.172333
0.490253 0.173333
0.485185 0.174333
0.481364 0.17166
0.485414 0.166686
0.492528 0.166111
0.489279 0.161667
0.485246 0.159747
0.490215 0.153047
0.493847 0.155101
0.498789 0.151255
0.505355 0.154573
0.501624 0.157778
0.496101 0.161
0.49922 0.164333
0.503249 0.167778
0.505848 0.163333
0.509178 0.161056
0.511847 0.168857
0.508285 0.171667
0.510136 0.177
0.514905 0.176908
0.519879 0.182525
0.515037 0.185005
0.510916 0.184333
0.506628 0.184333
0.503119 0.187667
0.499025 0.186667
0.494152 0.19
0.489474 0.187667
0.483019 0.191327
0.487134 0.192333
0.486782 0.199672
0.491228 0.196667
0.495127 0.196667
0.5 0.193333
0.5 0.2
0.5 0.206667
0.494152 0.203333
0.489225 0.205725
0.493762 0.209667
0.488472 0.212852
0.491813 0.217
0.487822 0.221384
0.491813 0.223
0.493665 0.228333
0.490548 0.232203
0.494259 0.238486
0.498056 0.230236
0.498051 0.223333
0.50378 0.221066
0.496658 0.215
0.500975 0.215
0.504873 0.211667
0.508484 0.210006
0.511838 0.206415
0.515115 0.20073
0.510136 0.200333
0.504734 0.200714
0.507407 0.195
0.508772 0.19
0.513645 0.193333
0.519301 0.19647
0.519493 0.19
0.524313 0.191294
0.528647 0.190343
0.53024 0.185087
0.525452 0.183531
0.531749 0.178565
0.535808 0.17874
0.538658 0.182829
0.534104 0.187756
0.538739 0.189236
0.543017 0.190721
0.545224 0.186333
0.541682 0.178975
0.545768 0.179605
0.550185 0.182054
0.552878 0.186017
0.557554 0.186367
0.569025 0.170518
0.57293 0.170869
0.576673 0.165556
0.566798 0.16209
0.571345 0.162333
0.575049 0.16
0.578298 0.155556
0.573684 0.153
0.569396 0.155667
0.566964 0.151233
0.570802 0.14513
0.575049 0.146667
0.575831 0.140171
0.581446 0.14065
0.579922 0.146667
0.585343 0.147525
0.582261 0.153
0.587282 0.155778
0.587049 0.163762
0.583041 0.161
0.580702 0.165667
0.584213 0.170934
0.579473 0.174677
0.575115 0.175281
0.564857 0.195623
0.560696 0.191386
0.554581 0.190833
0.548881 0.192285
0.553698 0.196363
0.55759 0.197829
0.561313 0.200481
0.564741 0.204168
0.569481 0.201575
0.56809 0.208515
0.572867 0.209083
0.570961 0.214778
0.575528 0.218218
0.578825 0.212114
0.583821 0.213333
0.589344 0.212222
0.594542 0.211667
0.592593 0.216667
0.590448 0.222333
0.58577 0.22
0.581092 0.221
0.57835 0.225572
0.584795 0.226667
0.580981 0.232059
0.584795 0.233333
0.583744 0.239379
0.587232 0.241667
0.585765 0.247647
0.588141 0.253251
0.590282 0.242052
0.591935 0.236108
0.588369 0.23
0.593453 0.229171
0.598356 0.223555
0.595517 0.221
0.599758 0.216272
0.604076 0.213475
0.600975 0.209667
0.596686 0.207667
0.591293 0.204444
0.586745 0.206667
0.582722 0.205326
0.586417 0.199495
0.590281 0.194922
0.594055 0.195
0.596145 0.189963
0.600968 0.189329
0.606674 0.191056
0.611549 0.192553
0.608837 0.198889
0.604094 0.195667
0.599805 0.196333
0.595906 0.200333
0.60039 0.203333
0.604288 0.203333
0.60756 0.20764
0.612409 0.204259
0.61501 0.198333
0.61905 0.200934
0.624908 0.199852
0.629655 0.195161
0.625731 0.191667
0.621832 0.191667
0.617041 0.191808
0.61811 0.184622
0.621832 0.183333
0.625536 0.182333
0.621445 0.176528
0.626778 0.175701
0.628361 0.170584
0.632974 0.169122
0.638025 0.169962
0.631774 0.177667
0.636119 0.177434
0.641469 0.180563
0.637009 0.185
0.630047 0.185
0.634113 0.190333
0.634484 0.19658
0.639769 0.196794
0.641134 0.191112
0.710101 0.26242
0.709053 0.255738
0.712537 0.251929
0.717234 0.248049
0.713651 0.244346
0.709332 0.243256
0.714201 0.236443
0.717544 0.239
0.720785 0.241667
0.723417 0.236972
0.727308 0.231296
0.723197 0.23
0.719493 0.231
0.714075 0.228667
0.720383 0.222824
0.72517 0.222324
0.728991 0.222579
0.731995 0.225541
0.757578 0.199499
0.75509 0.192593
0.759259 0.191667
0.763939 0.190991
0.766333 0.194542
0.771309 0.190486
0.767446 0.186333
0.772515 0.183
0.778363 0.183
0.775584 0.188696
0.779942 0.188255
0.783292 0.187713
0.7846 0.1825
0.787718 0.185553
0.791414 0.186506
0.795838 0.186798
0.796686 0.181667
0.799805 0.176333
0.794347 0.174048
0.790448 0.178333
0.785575 0.176667
0.780702 0.176667
0.775828 0.176667
0.77193 0.176667
0.768031 0.178333
0.764133 0.18
0.760884 0.184444
0.756167 0.181807
0.759475 0.175357
0.761824 0.168455
0.764782 0.172222
0.770955 0.17
0.767262 0.164796
0.772987 0.163111
0.778791 0.163219
0.775828 0.17
0.780312 0.170333
0.784618 0.168445
0.789557 0.170184
0.793343 0.166182
0.7971 0.164415
0.799415 0.169
0.803119 0.17
0.807212 0.171
0.811334 0.171667
0.816179 0.173667
0.815789 0.18
0.809942 0.18
0.805068 0.176667
0.802144 0.180833
0.802161 0.186496
0.806855 0.185732
0.811815 0.187237
0.816477 0.188563
0.820596 0.188798
0.824561 0.186667
0.82911 0.186111
0.832943 0.183
0.835608 0.187778
0.839961 0.185667
0.842755 0.181111
0.837232 0.177381
0.830994 0.177
0.826998 0.178333
0.823587 0.180833
0.820468 0.177667
0.823977 0.173
0.827875 0.169667
0.832846 0.171667
0.837232 0.17
0.835608 0.16223
0.831871 0.165
0.827485 0.163333
0.823099 0.165
0.819363 0.167778
0.81462 0.165667
0.809942 0.163333
0.804484 0.163667
0.801537 0.159304
0.806661 0.156254
0.810941 0.155788
0.814951 0.154534
0.816959 0.159
0.820468 0.159
0.823053 0.15489
0.827746 0.157262
0.833132 0.155783
0.835972 0.148193
0.840044 0.142859
0.844819 0.141598
0.850713 0.140339
0.848924 0.14667
0.854342 0.146944
0.857945 0.149996
0.851852 0.153333
0.847953 0.153333
0.844249 0.152333
0.841131 0.149167
0.838207 0.153333
0.839831 0.158889
0.844055 0.16
0.847953 0.16
0.852827 0.161667
0.855945 0.157667
0.859719 0.158693
0.86004 0.167512
0.856725 0.169
0.853314 0.171667
0.850098 0.169
0.846592 0.166329
0.841517 0.166336
0.84308 0.173333
0.847301 0.176122
0.851202 0.179444
0.855749 0.178327
0.85918 0.177386
0.854234 0.186255
0.849903 0.186667
0.846491 0.185
0.844639 0.190333
0.838531 0.193889
0.832943 0.193667
0.82846 0.193333
0.824243 0.194238
0.829934 0.199688
0.834156 0.200779
0.837399 0.205862
0.840741 0.201667
0.842105 0.196667
0.845809 0.197667
0.849903 0.195
0.853555 0.195554
0.85565 0.203276
0.851852 0.205
0.847953 0.203333
0.844704 0.207778
0.841562 0.212004
0.846763 0.218297
0.849253 0.212222
0.855709 0.210359
0.857009 0.216351
0.852827 0.219286
0.85818 0.22446
0.852104 0.225995
0.855356 0.230652
0.858441 0.236082
0.882539 0.273425
0.879047 0.276162
0.875932 0.278894
0.880136 0.283317
0.880619 0.29033
0.88629 0.288889
0.889084 0.284333
0.885315 0.280556
0.887034 0.272443
0.891271 0.275152
0.895652 0.279424
0.892788 0.283333
0.897307 0.287944
0.893372 0.290333
0.889539 0.295556
0.884051 0.295915
0.884299 0.302526
0.887914 0.304167
0.891813 0.301667
0.894932 0.297667
0.898122 0.297955
0.895154 0.306777
0.891309 0.310263
0.886764 0.311142
0.892187 0.316234
0.88957 0.321257
0.895762 0.322599
0.891248 0.328659
0.895425 0.330076
0.899455 0.335316
0.893894 0.336608
0.894144 0.343453
0.896866 0.345715
0.901026 0.345365
0.901424 0.354182
0.896531 0.353855
0.898351 0.360911
0.904011 0.362048
0.909102 0.360764
0.909357 0.366667
0.914306 0.367326
0.916702 0.373458
0.916999 0.380017
0.911863 0.378333
0.908967 0.373
0.904483 0.37
0.90019 0.366892
0.900382 0.373176
0.904483 0.376667
0.901331 0.381377
0.907732 0.382222
0.905068 0.387
0.902444 0.392234
0.906433 0.393333
0.910136 0.392333
0.913255 0.387381
0.917945 0.388274
0.914923 0.395954
0.91185 0.401247
0.90836 0.401356
0.904196 0.401352
0.917032 0.431008
0.92135 0.435998
0.917154 0.438333
0.913255 0.435685
0.910485 0.432889
0.908189 0.4397
0.911306 0.445667
0.91423 0.443333
0.919103 0.444333
0.922544 0.445499
0.920681 0.453512
0.915595 0.450333
0.910147 0.452296
0.913066 0.458145
0.916745 0.457287
0.934664 0.50893
0.929811 0.510841
0.92592 0.513385
0.924729 0.508549
0.919094 0.512554
0.921434 0.517028
0.917934 0.522333
0.922027 0.523333
0.925926 0.52001
0.930399 0.520346
0.934606 0.516734
0.940434 0.51226
0.944825 0.520429
0.939343 0.523087
0.935649 0.523404
0.930404 0.526336
0.925926 0.526667
0.922612 0.530333
0.918129 0.53
0.920078 0.538333
0.923977 0.536667
0.927875 0.535
0.931969 0.532333
0.93609 0.531667
0.942437 0.529552
0.94792 0.531123
0.940936 0.536333
0.945614 0.537667
0.949976 0.538882
0.953332 0.545032
0.948343 0.546667
0.943052 0.545
0.938039 0.541667
0.933723 0.54
0.9295 0.542222
0.933398 0.547778
0.92768 0.549
0.923977 0.545
0.919883 0.547667
0.922612 0.553
0.919883 0.559
0.924172 0.559
0.928293 0.55881
0.931579 0.554333
0.934698 0.559286
0.938986 0.556333
0.938596 0.55
0.944055 0.553
0.946394 0.5575
0.950292 0.553333
0.955584 0.552687
0.95575 0.560023
0.951267 0.56
0.947368 0.563333
0.943275 0.562333
0.939571 0.563333
0.934308 0.566333
0.938596 0.57
0.94347 0.57
0.947786 0.571667
0.952242 0.566667
0.956935 0.567152
0.954191 0.5725
0.955413 0.578857
0.951462 0.577667
0.948018 0.581111
0.944444 0.584167
0.940546 0.580833
0.942885 0.576333
0.937037 0.576333
0.931774 0.573333
0.92963 0.567667
0.926413 0.5675
0.923782 0.569
0.920078 0.568333
0.922027 0.578333
0.925731 0.577667
0.92807 0.582333
0.931774 0.581667
0.935185 0.581667
0.938596 0.586667
0.933723 0.59
0.929825 0.59
0.925731 0.589
0.922027 0.588333
0.922027 0.598333
0.925926 0.598333
0.929825 0.596667
0.932749 0.600833
0.935088 0.596333
0.938597 0.5925
0.942495 0.594167
0.944834 0.589667
0.952182 0.587419
0.948905 0.592923
0.947547 0.600315
0.943529 0.602082
0.940059 0.600833
0.937622 0.603333
0.940091 0.610112
0.93467 0.613642
0.934308 0.607
0.92963 0.605667
0.925341 0.606333
0.921832 0.609
0.926575 0.61388
0.93037 0.615894
0.9241 0.619272
0.924023 0.628233
0.92382 0.638158
0.923196 0.648483
0.935615 0.655333
0.939181 0.651062
0.94337 0.650394
0.945273 0.65571
0.940156 0.658333
0.94152 0.663333
0.943957 0.665833
0.947491 0.662483
0.947202 0.669875
0.943884 0.674934
0.939185 0.677745
0.934724 0.674064
0.939571 0.67
0.936647 0.667667
0.93416 0.663313
0.922033 0.667486
0.905458 0.660207
0.905068 0.681
0.921619 0.678333
0.921636 0.688278
0.921386 0.700983
0.902862 0.706114
0.920815 0.720235
0.920707 0.736759
0.920663 0.750001
0.920663 0.763334
0.891256 0.765001
0.920664 0.776668
0.920664 0.790001
0.920663 0.803322
0.92058 0.817247
0.919992 0.832714
0.782844 0.846337
0.783291 0.829978
0.783089 0.818132
0.769053 0.818509
0.774765 0.816932
0.779089 0.813684
0.782164 0.808333
0.785542 0.808927
0.787602 0.802072
0.771281 0.793334
0.720759 0.7875
0.713448 0.782753
0.714838 0.789228
0.71514 0.797581
0.719626 0.797214
0.722869 0.800868
0.717424 0.807835
0.716786 0.819451
0.716246 0.836709
0.693714 0.827931
0.693707 0.801667
0.681805 0.785195
0.685391 0.778692
0.69394 0.780965
0.688181 0.773781
0.692348 0.76807
0.693778 0.758003
0.719625 0.764631
0.78811 0.765667
0.792887 0.750834
0.795127 0.739667
0.797272 0.725834
0.821638 0.700051
0.826245 0.695909
0.817732 0.692232
0.824886 0.685741
0.830897 0.689583
0.835526 0.687917
0.841374 0.6925
0.842601 0.686354
0.847811 0.683797
0.850227 0.691296
0.85389 0.697727
0.846004 0.698333
0.840481 0.702407
0.835526 0.697917
0.831601 0.702407
0.825766 0.70787
0.831614 0.711606
0.837232 0.711667
0.84308 0.710556
0.846538 0.717177
0.848711 0.707222
0.853661 0.711188
0.859509 0.707343
0.859974 0.699074
0.866611 0.700513
0.865915 0.693571
0.872186 0.689564
0.866472 0.685952
0.860868 0.68875
0.85672 0.685789
0.852861 0.681239
0.848928 0.676667
0.84406 0.678302
0.840423 0.6787
0.835105 0.679233
0.829435 0.677667
0.824172 0.673667
0.819688 0.681
0.813516 0.68348
0.809544 0.678256
0.806738 0.669689
0.814815 0.671667
0.820273 0.666
0.815573 0.660556
0.810185 0.66125
0.803897 0.660505
0.800802 0.652036
0.808031 0.651586
0.813685 0.649907
0.819926 0.654576
0.824979 0.658333
0.827729 0.665417
0.832414 0.665582
0.835478 0.668
0.836959 0.673608
0.841131 0.67
0.845809 0.669
0.849708 0.669
0.855021 0.673962
0.859792 0.673712
0.862817 0.67875
0.868665 0.677917
0.875493 0.679456
0.874778 0.671027
0.867441 0.668328
0.860131 0.665842
0.855751 0.666667
0.852047 0.664333
0.855751 0.66
0.861508 0.65999
0.866206 0.658753
0.870045 0.654444
0.873915 0.661061
0.879308 0.657061
0.873294 0.64875
0.87768 0.64625
0.88251 0.643569
0.885882 0.633958
0.879727 0.633333
0.874513 0.634583
0.868177 0.634583
0.871206 0.64119
0.866255 0.646111
0.861763 0.651807
0.857895 0.654333
0.853801 0.653333
0.850487 0.657
0.844639 0.656333
0.846978 0.661667
0.84191 0.662333
0.837882 0.662222
0.835309 0.65667
0.829769 0.654638
0.834983 0.650393
0.838207 0.646667
0.841131 0.651667
0.846004 0.65
0.849903 0.65
0.851852 0.645
0.856335 0.647
0.860352 0.642884
0.854379 0.640339
0.856693 0.634165
0.863304 0.634167
0.859893 0.627083
0.86421 0.621342
0.868756 0.624776
0.874025 0.625417
0.875543 0.615186
0.878725 0.621667
0.884232 0.62537
0.887565 0.618013
0.882283 0.613889
0.887186 0.607997
0.878732 0.604752
0.879727 0.593333
0.884232 0.597963
0.889795 0.599479
0.890203 0.592668
0.887636 0.587381
0.883459 0.584524
0.879593 0.580149
0.890066 0.579005
0.884232 0.573889
0.880756 0.567448
0.889156 0.568031
0.888894 0.558334
0.8815 0.558333
0.881082 0.546667
0.887698 0.549074
0.892872 0.547428
0.89212 0.538612
0.885965 0.54
0.880809 0.534754
0.883187 0.526229
0.888889 0.531667
0.892403 0.526085
0.887649 0.520017
0.881146 0.515428
0.89056 0.494287
0.885184 0.487153
0.879377 0.482097
0.8616 0.473305
0.857366 0.472516
0.852506 0.470684
0.847582 0.471314
0.843193 0.470157
0.838571 0.472746
0.833507 0.472787
0.82845 0.477218
0.82618 0.47229
0.820588 0.476242
0.815537 0.478499
0.809735 0.48081
0.800047 0.485166
0.793303 0.485244
0.78655 0.487081
0.780937 0.488727
0.77627 0.487915
0.771184 0.489143
0.765047 0.489845
0.758165 0.488647
0.751574 0.488028
0.744829 0.485563
0.738151 0.482252
0.731181 0.47798
0.723978 0.472095
0.701247 0.480317
0.694578 0.478144
0.697254 0.471747
0.691866 0.469664
0.673744 0.464213
0.669759 0.460566
0.665726 0.461304
0.662282 0.466058
0.654926 0.466572
0.65959 0.458149
0.654037 0.458808
0.648214 0.459128
0.641434 0.460555
0.647163 0.466641
0.638993 0.467996
0.634335 0.462913
0.628724 0.462083
0.622442 0.462943
0.627857 0.469974
0.620986 0.471055
0.616504 0.466722
0.612953 0.471783
0.607642 0.471507
0.602882 0.474536
0.597898 0.475623
0.593181 0.478375
0.587709 0.479903
0.581929 0.481163
0.575961 0.482822
0.570201 0.483693
0.564327 0.483856
0.558625 0.48406
0.55355 0.482416
0.548118 0.481107
0.542836 0.478707
0.536961 0.477508
0.515456 0.508076
0.509125 0.500597
0.487267 0.485669
0.480358 0.482272
0.47463 0.479862
0.467814 0.478227
0.460033 0.477866
0.452227 0.478055
0.444474 0.478286
0.436635 0.478691
0.427702 0.480424
0.419262 0.482297
0.41121 0.484423
0.402551 0.487897
0.392886 0.492525
0.363301 0.511157
0.356643 0.512478
0.348269 0.515731
0.333681 0.516485
0.326913 0.516104
0.322238 0.517387
0.315921 0.516344
0.309255 0.514988
0.315407 0.549061
0.324131 0.54891
0.319688 0.555
0.31612 0.562649
0.322612 0.5625
0.326754 0.565417
0.331802 0.568333
0.335903 0.563182
0.329169 0.555606
0.333492 0.550776
0.338777 0.547367
0.342349 0.553333
0.346727 0.547225
0.35294 0.544207
0.36004 0.541698
0.358372 0.550909
0.351852 0.554048
0.356577 0.558811
0.354419 0.565687
0.347953 0.56
0.340643 0.56
0.343405 0.567963
0.348197 0.572083
0.35358 0.574588
0.351315 0.584433
0.346979 0.58125
0.341326 0.577333
0.335283 0.575
0.328216 0.575417
0.323583 0.575011
0.318845 0.571479
0.315601 0.575714
0.317037 0.582633
0.32204 0.582638
0.32846 0.585
0.335673 0.584333
0.342282 0.589546
0.347737 0.592112
0.355994 0.597917
0.357949 0.590004
0.362183 0.586667
0.369639 0.586667
0.37676 0.587593
0.381092 0.584048
0.384104 0.576212
0.376803 0.574667
0.372428 0.579444
0.364912 0.579333
0.368808 0.57073
0.374903 0.565314
0.381054 0.565918
0.386603 0.567486
0.390614 0.573971
0.394731 0.579301
0.400829 0.582093
0.406676 0.587917
0.411631 0.591667
0.416474 0.594864
0.421053 0.595
0.424756 0.594333
0.42885 0.591667
0.433166 0.591667
0.436842 0.595667
0.440546 0.591667
0.444444 0.59
0.448928 0.587
0.449318 0.593333
0.454386 0.594333
0.458088 0.594994
0.462812 0.594972
0.468811 0.596667
0.474898 0.598743
0.473928 0.590833
0.476525 0.581769
0.470517 0.584583
0.464912 0.585
0.459048 0.584596
0.454841 0.586111
0.451267 0.581667
0.447368 0.577381
0.44425 0.582333
0.439961 0.583
0.436452 0.585667
0.432749 0.583333
0.4282 0.582222
0.424951 0.586667
0.420159 0.586703
0.415955 0.583142
0.412064 0.579815
0.405783 0.578333
0.408939 0.571667
0.405068 0.566667
0.413255 0.566333
0.418383 0.570683
0.420853 0.578609
0.424756 0.577667
0.430382 0.575
0.434503 0.575667
0.439181 0.577
0.4423 0.572333
0.447368 0.570833
0.449704 0.566336
0.443795 0.565556
0.437622 0.569286
0.43375 0.564376
0.43022 0.565744
0.426059 0.569566
0.422248 0.562783
0.417243 0.557121
0.410115 0.557222
0.405945 0.55375
0.402216 0.547789
0.398968 0.538891
0.404727 0.54125
0.409942 0.543333
0.415116 0.547727
0.422027 0.55
0.426143 0.54537
0.432018 0.542083
0.437865 0.54
0.44152 0.534048
0.446069 0.537778
0.450184 0.53537
0.453947 0.5425
0.459227 0.543889
0.450292 0.549
0.44412 0.54463
0.441978 0.552627
0.436647 0.548333
0.430799 0.551667
0.427332 0.558372
0.435335 0.557903
0.439886 0.561154
0.445898 0.558822
0.450232 0.55883
0.454593 0.55696
0.459498 0.55537
0.464181 0.5525
0.467976 0.557857
0.466212 0.565
0.461246 0.568765
0.457082 0.564112
0.453941 0.569836
0.453606 0.576333
0.458707 0.576742
0.465156 0.575417
0.470517 0.575417
0.475634 0.572083
0.480203 0.568488
0.473064 0.563485
0.479045 0.559583
0.483198 0.554772
0.476051 0.551667
0.471491 0.550833
0.468161 0.54463
0.463938 0.537667
0.470517 0.534583
0.474875 0.539445
0.479207 0.543519
0.484638 0.544801
0.485818 0.535203
0.480751 0.532083
0.476392 0.527222
0.47076 0.525952
0.464912 0.528333
0.459281 0.528704
0.454949 0.530185
0.449561 0.525417
0.443748 0.527381
0.437865 0.524583
0.434308 0.530667
0.429268 0.535
0.42422 0.535417
0.418778 0.539074
0.414053 0.532879
0.408626 0.532083
0.402261 0.532632
0.396919 0.529882
0.404176 0.525267
0.410461 0.522234
0.417093 0.520935
0.421141 0.527727
0.428525 0.52537
0.42503 0.517847
0.432025 0.517947
0.437639 0.516016
0.443485 0.5175
0.448186 0.5166
0.452958 0.515999
0.457115 0.518768
0.461417 0.517299
0.466844 0.518403
0.473523 0.518082
0.481008 0.521108
0.486494 0.524623
0.506573 0.541517
0.51223 0.551482
0.505446 0.551454
0.506018 0.559305
0.51215 0.56336
0.505169 0.568046
0.511646 0.574628
0.501273 0.577051
0.506092 0.57875
0.509986 0.586119
0.503899 0.587381
0.499301 0.591161
0.49862 0.601385
0.506835 0.595671
0.506355 0.603116
0.505853 0.61249
0.501462 0.610417
0.495939 0.611112
0.490403 0.612528
0.482669 0.617599
0.477327 0.614575
0.469165 0.614394
0.473684 0.607667
0.465562 0.60463
0.458763 0.603296
0.453216 0.601111
0.447758 0.600333
0.444444 0.596667
0.441196 0.601111
0.436647 0.603333
0.431384 0.606333
0.431774 0.6
0.426901 0.601667
0.423002 0.605
0.418167 0.602605
0.412315 0.604156
0.41594 0.611066
0.421053 0.613333
0.418055 0.618552
0.412281 0.620833
0.408382 0.616667
0.405319 0.610714
0.401235 0.60537
0.408382 0.601667
0.404483 0.596667
0.400368 0.592037
0.394737 0.588333
0.389133 0.584583
0.384405 0.590667
0.389539 0.59537
0.396101 0.599333
0.392544 0.605417
0.387156 0.606111
0.383041 0.6025
0.378899 0.597917
0.374025 0.595833
0.367446 0.594048
0.363548 0.598333
0.360867 0.604167
0.365741 0.60875
0.370262 0.602407
0.374025 0.609167
0.378752 0.61
0.384016 0.615667
0.390643 0.615667
0.39647 0.613889
0.401451 0.617593
0.398392 0.625417
0.392625 0.626111
0.38499 0.624048
0.377547 0.622273
0.371902 0.621667
0.370231 0.614524
0.365253 0.61875
0.360299 0.616852
0.35451 0.62197
0.347222 0.620833
0.345354 0.614444
0.350146 0.61125
0.355751 0.613333
0.355472 0.605952
0.349685 0.602427
0.344445 0.603333
0.339425 0.6
0.336257 0.595
0.332684 0.591111
0.328216 0.595417
0.320006 0.596836
0.322515 0.591037
0.317544 0.591
0.31443 0.591545
0.313447 0.598718
0.316732 0.601628
0.320901 0.604421
0.326232 0.602619
0.332359 0.603333
0.336501 0.60875
0.341131 0.613333
0.336257 0.618333
0.330409 0.613333
0.324561 0.617381
0.324561 0.61
0.318708 0.612604
0.313981 0.607531
0.312482 0.61421
0.317321 0.619762
0.320663 0.625
0.315789 0.62875
0.310471 0.623131
0.307483 0.632185
0.314084 0.635833
0.312587 0.642619
0.30684 0.642879
0.301772 0.644701
0.303509 0.655
0.297534 0.657979
0.30241 0.665303
0.308723 0.662083
0.311566 0.657222
0.310359 0.650238
0.31652 0.652083
0.319147 0.64537
0.324778 0.646481
0.326789 0.652619
0.332602 0.649583
0.334586 0.644048
0.340806 0.64537
0.341455 0.652778
0.348308 0.651061
0.352409 0.645
0.3577 0.643333
0.357143 0.650238
0.3577 0.658333
0.352827 0.66
0.348197 0.66125
0.344612 0.668333
0.341862 0.66125
0.336501 0.662083
0.333194 0.656905
0.328216 0.66125
0.322612 0.66
0.317008 0.66125
0.314258 0.668333
0.308967 0.671667
0.3017 0.674069
0.307988 0.680993
0.315546 0.675833
0.320663 0.67
0.325428 0.673148
0.330799 0.67
0.336014 0.67125
0.340741 0.674667
0.334698 0.681667
0.328704 0.68125
0.325146 0.687333
0.320078 0.682
0.315347 0.68741
0.31121 0.689217
0.320501 0.695651
0.32722 0.698637
0.334959 0.698705
0.331709 0.691296
0.338423 0.689444
0.342607 0.693355
0.343621 0.683889
0.350895 0.685024
0.348441 0.680417
0.349513 0.672
0.355023 0.674188
0.358353 0.667971
0.363832 0.66396
0.364045 0.656879
0.368581 0.651489
0.363269 0.649286
0.36494 0.643095
0.372426 0.643516
0.369396 0.637381
0.363791 0.635417
0.3577 0.635952
0.350738 0.637381
0.345419 0.639333
0.338694 0.637083
0.331871 0.636667
0.327625 0.637381
0.321726 0.636212
0.325118 0.628333
0.329326 0.623519
0.333751 0.62881
0.33864 0.627222
0.342941 0.627381
0.348197 0.62875
0.353801 0.630714
0.360949 0.627963
0.36769 0.627917
0.373944 0.631296
0.377935 0.637503
0.381308 0.630556
0.388224 0.632649
0.392788 0.638333
0.398852 0.63463
0.404808 0.628056
0.409747 0.633
0.415205 0.628333
0.420819 0.624633
0.424951 0.623333
0.425619 0.630171
0.429498 0.627205
0.433726 0.629282
0.437947 0.624444
0.442495 0.623333
0.446394 0.623333
0.451245 0.620824
0.454319 0.617379
0.448761 0.615
0.444444 0.615
0.440741 0.615667
0.436647 0.618333
0.432749 0.62
0.428655 0.619
0.424951 0.616667
0.426316 0.610333
0.430799 0.613333
0.434698 0.611667
0.439246 0.608889
0.444444 0.606667
0.448343 0.606667
0.452242 0.608333
0.4569 0.609944
0.462715 0.612074
0.458401 0.618137
0.463207 0.622083
0.468532 0.624048
0.474659 0.621667
0.477583 0.628333
0.485136 0.624167
0.490076 0.622879
0.496101 0.621667
0.502565 0.621301
0.50092 0.629499
0.494396 0.63125
0.49001 0.635417
0.483236 0.633333
0.477317 0.638636
0.484962 0.641667
0.490253 0.645667
0.482651 0.649333
0.476608 0.648333
0.47115 0.65
0.465267 0.654394
0.459064 0.652619
0.454949 0.649815
0.449141 0.653788
0.44347 0.655
0.438055 0.657222
0.434968 0.663144
0.430943 0.662831
0.42763 0.658029
0.422417 0.656667
0.414584 0.656818
0.417912 0.649444
0.422677 0.644259
0.427875 0.648333
0.432609 0.650714
0.436229 0.647857
0.441875 0.644697
0.447368 0.641667
0.451592 0.644444
0.45346 0.636667
0.458821 0.637917
0.461745 0.644167
0.466645 0.642778
0.470544 0.637593
0.470203 0.630238
0.463207 0.63125
0.457111 0.628326
0.451404 0.626062
0.448789 0.630658
0.445086 0.635187
0.443078 0.629658
0.439218 0.633079
0.435369 0.638379
0.429866 0.638121
0.423249 0.635406
0.417243 0.637121
0.412281 0.644333
0.406433 0.641667
0.40039 0.642667
0.394087 0.647593
0.397661 0.654
0.405192 0.651364
0.409496 0.657381
0.405458 0.6625
0.399604 0.661674
0.38694 0.673659
0.400833 0.671259
0.406189 0.67125
0.412635 0.667727
0.41944 0.665384
0.425487 0.668096
0.429045 0.671
0.432749 0.67
0.437379 0.670073
0.437479 0.67666
0.432749 0.676667
0.431287 0.680833
0.425968 0.67666
0.419797 0.674702
0.414787 0.67881
0.410088 0.677917
0.404489 0.680712
0.408626 0.687917
0.41423 0.688333
0.4201 0.68497
0.426081 0.683253
0.431762 0.686591
0.437051 0.683003
0.438142 0.688831
0.443226 0.69125
0.449672 0.688939
0.457332 0.690556
0.462406 0.691667
0.466212 0.697963
0.460039 0.701667
0.453433 0.697222
0.446069 0.698704
0.439355 0.700556
0.433723 0.705
0.427485 0.701667
0.435349 0.695542
0.431449 0.693761
0.426262 0.690992
0.421141 0.695606
0.413743 0.697083
0.418129 0.703321
0.423108 0.709061
0.428585 0.713172
0.433719 0.717675
0.439189 0.721994
0.446932 0.723523
0.455686 0.71953
0.451484 0.716111
0.445663 0.715417
0.438921 0.712037
0.44347 0.707381
0.450204 0.706212
0.457115 0.709444
0.462768 0.711488
0.468249 0.704827
0.473123 0.697652
0.472953 0.68875
0.478121 0.689833
0.482425 0.683215
0.486277 0.677277
0.480507 0.674048
0.476392 0.677963
0.47076 0.680714
0.467078 0.687222
0.461663 0.682037
0.454776 0.68
0.449318 0.678333
0.443465 0.681659
0.443463 0.673339
0.44308 0.665
0.449318 0.666667
0.454435 0.6675
0.457647 0.660758
0.464522 0.665
0.459281 0.672778
0.465156 0.674583
0.471469 0.671364
0.471469 0.66197
0.477475 0.657222
0.479532 0.665
0.48538 0.66875
0.490061 0.666141
0.486 0.656818
0.492814 0.657342
0.496124 0.650725
0.496351 0.642431
0.500022 0.637392
0.516296 0.648402
0.521393 0.648095
0.52729 0.651
0.532784 0.654697
0.539717 0.652917
0.544924 0.649534
0.547549 0.638148
0.54191 0.64125
0.537281 0.645417
0.534763 0.637778
0.530973 0.642778
0.525136 0.639752
0.519402 0.638999
0.521453 0.631685
0.524018 0.626029
0.528987 0.63209
0.532407 0.62625
0.537254 0.630556
0.542885 0.631667
0.549419 0.628371
0.547 0.621296
0.540936 0.621667
0.536062 0.616667
0.531189 0.617222
0.525081 0.6168
0.52924 0.609286
0.525519 0.604327
0.530983 0.600435
0.535673 0.604667
0.543372 0.604167
0.540692 0.612083
0.546784 0.611667
0.552433 0.615505
0.553741 0.605235
0.54922 0.600833
0.553732 0.594681
0.546053 0.589167
0.544556 0.595952
0.539203 0.596111
0.534325 0.591308
0.530206 0.593319
0.52648 0.595391
0.529121 0.58674
0.538844 0.585829
0.535075 0.581667
0.529347 0.579178
0.533138 0.575
0.539098 0.574422
0.543097 0.579442
0.548489 0.582083
0.554006 0.585676
0.555909 0.576049
0.550033 0.573519
0.544694 0.567197
0.539033 0.565757
0.535867 0.569
0.530583 0.568953
0.531666 0.562111
0.536505 0.558939
0.533143 0.555
0.53172 0.548447
0.536062 0.55
0.539886 0.551736
0.543718 0.552626
0.549383 0.550926
0.554581 0.555
0.548083 0.559815
0.552307 0.566111
0.556774 0.564583
0.561404 0.558333
0.565782 0.550711
0.561302 0.547587
0.55653 0.545
0.549973 0.54197
0.542872 0.541689
0.538062 0.542696
0.533919 0.543223
0.533268 0.535811
0.536556 0.534705
0.542885 0.532619
0.547758 0.533333
0.552827 0.532333
0.546199 0.524
0.538986 0.526667
0.534381 0.523877
0.536072 0.514162
0.542375 0.516479
0.549542 0.5148
0.553695 0.521667
0.55956 0.518772
0.567902 0.519577
0.573905 0.519631
0.580011 0.518051
0.58528 0.518405
0.590583 0.517183
0.598116 0.518704
0.594752 0.511365
0.602368 0.511066
0.607906 0.508395
0.612734 0.504163
0.616742 0.509074
0.62225 0.508333
0.620167 0.499746
0.625752 0.500185
0.630175 0.501311
0.632953 0.49511
0.638424 0.495093
0.645224 0.492949
0.650098 0.497667
0.654325 0.490835
0.659627 0.496111
0.662768 0.48946
0.666241 0.493602
0.671403 0.492061
0.669711 0.501637
0.663743 0.502619
0.655388 0.501667
0.658452 0.508333
0.663986 0.51125
0.669364 0.511506
0.689751 0.505235
0.693821 0.508887
0.697129 0.516297
0.69159 0.517857
0.687915 0.521142
0.694065 0.526111
0.700558 0.522755
0.70078 0.531682
0.694065 0.533889
0.687464 0.533025
0.685241 0.54388
0.689409 0.546111
0.692982 0.541667
0.699407 0.539754
0.701247 0.546228
0.715134 0.543032
0.718478 0.539262
0.716536 0.532436
0.722299 0.533924
0.728051 0.533681
0.732275 0.537186
0.737241 0.531724
0.741704 0.535966
0.745614 0.53
0.741715 0.525
0.73538 0.5225
0.732291 0.528908
0.72683 0.524697
0.719359 0.524368
0.719257 0.515891
0.720725 0.508926
0.726121 0.514615
0.732431 0.515091
0.740552 0.517311
0.747599 0.519506
0.751682 0.523514
0.757039 0.52128
0.763137 0.520059
0.768027 0.523847
0.773476 0.519929
0.774464 0.528333
0.779996 0.523818
0.784955 0.520506
0.790485 0.518435
0.796229 0.517679
0.801646 0.513469
0.808043 0.511809
0.813542 0.511856
0.817496 0.507313
0.823958 0.506784
0.82946 0.507081
0.835292 0.505217
0.840722 0.508065
0.844573 0.503916
0.852115 0.504441
0.8613 0.50727
0.855994 0.510417
0.848343 0.512667
0.853801 0.519
0.861191 0.518334
0.861191 0.528334
0.854776 0.528333
0.848928 0.528333
0.844163 0.532778
0.840481 0.538704
0.847628 0.542407
0.851852 0.5375
0.856238 0.540833
0.861455 0.537984
0.861191 0.548334
0.853713 0.550455
0.846979 0.55
0.840156 0.548333
0.834698 0.542667
0.830409 0.55
0.834928 0.557727
0.842548 0.557121
0.848928 0.558333
0.855209 0.560556
0.86141 0.559106
0.859649 0.569
0.852437 0.57
0.846979 0.57
0.840481 0.56537
0.835066 0.570556
0.840422 0.575303
0.847953 0.581
0.842836 0.585417
0.837476 0.584583
0.832359 0.58125
0.826511 0.585
0.822856 0.579167
0.81703 0.57803
0.817495 0.587917
0.812107 0.583889
0.806628 0.580333
0.809552 0.571667
0.802924 0.568667
0.799545 0.57537
0.794997 0.568704
0.788499 0.571667
0.782651 0.575
0.776525 0.575952
0.770955 0.575
0.770955 0.566667
0.77729 0.568333
0.778752 0.561667
0.784817 0.56537
0.78655 0.558333
0.792154 0.56125
0.798246 0.559
0.803916 0.556212
0.808209 0.561296
0.813623 0.560556
0.817089 0.568056
0.823587 0.568333
0.82846 0.575
0.830653 0.566667
0.827485 0.56
0.822612 0.556667
0.817739 0.554048
0.811306 0.550667
0.817982 0.545417
0.823941 0.544394
0.82846 0.536667
0.823941 0.528939
0.831817 0.526481
0.835932 0.532037
0.840156 0.525
0.845224 0.519667
0.838694 0.516667
0.833723 0.516667
0.827131 0.519243
0.821881 0.514583
0.819131 0.520238
0.815232 0.522143
0.809942 0.521667
0.803704 0.521667
0.798246 0.528333
0.792398 0.528333
0.786745 0.531
0.780458 0.534583
0.775828 0.538333
0.770955 0.537667
0.765594 0.5325
0.760965 0.527917
0.755372 0.530716
0.751245 0.536111
0.747076 0.540833
0.741426 0.543497
0.736366 0.541868
0.731644 0.544444
0.726121 0.54
0.726121 0.546667
0.721443 0.544333
0.718648 0.548889
0.714195 0.550422
0.714459 0.555848
0.71233 0.560213
0.717544 0.559
0.721443 0.555667
0.724951 0.554333
0.729695 0.552222
0.730669 0.558889
0.734893 0.56
0.738791 0.565
0.743661 0.56667
0.745575 0.560637
0.740741 0.56
0.737817 0.555
0.735218 0.550556
0.740735 0.550009
0.743984 0.552543
0.748956 0.553571
0.751693 0.549173
0.756038 0.544549
0.758772 0.5375
0.765386 0.540714
0.762914 0.546667
0.770565 0.548333
0.778168 0.545667
0.7846 0.541667
0.790936 0.540556
0.797271 0.537667
0.803704 0.533333
0.809292 0.530926
0.816277 0.530417
0.819688 0.535952
0.813255 0.539333
0.807018 0.543333
0.801061 0.546111
0.795863 0.549444
0.790692 0.55125
0.784357 0.55125
0.777669 0.553889
0.771345 0.558333
0.765497 0.556667
0.758285 0.553333
0.753021 0.561667
0.759909 0.562037
0.765284 0.569546
0.76093 0.574524
0.757066 0.57125
0.751218 0.57
0.747331 0.572166
0.744442 0.575661
0.740741 0.575
0.73538 0.574167
0.736842 0.57
0.733918 0.565833
0.730344 0.569444
0.726446 0.567778
0.725731 0.561667
0.721248 0.563333
0.716374 0.566667
0.711478 0.566776
0.710867 0.57425
0.716049 0.574444
0.720598 0.571111
0.724496 0.575556
0.730409 0.576333
0.727583 0.581667
0.724172 0.585
0.720273 0.58
0.716374 0.584167
0.713255 0.581
0.709066 0.582711
0.707359 0.591295
0.711501 0.59
0.7154 0.59
0.720273 0.589286
0.726121 0.59
0.730019 0.592333
0.733528 0.589667
0.730994 0.583333
0.734698 0.582333
0.737329 0.580833
0.740741 0.583333
0.745567 0.582699
0.751895 0.580555
0.757066 0.582083
0.763402 0.582083
0.76817 0.583095
0.771512 0.588333
0.775341 0.585417
0.780458 0.584583
0.7846 0.589286
0.790123 0.588889
0.786875 0.582222
0.790773 0.577778
0.794068 0.580714
0.797689 0.584524
0.802144 0.587667
0.808642 0.591296
0.814425 0.597333
0.820419 0.594167
0.824422 0.594048
0.829678 0.592083
0.835039 0.592083
0.840887 0.594583
0.848343 0.592667
0.853043 0.587222
0.85614 0.578667
0.860958 0.580511
0.859241 0.591667
0.859465 0.601334
0.853043 0.599444
0.845384 0.601061
0.839425 0.605417
0.834893 0.602667
0.828878 0.600238
0.829191 0.607917
0.823587 0.606667
0.817982 0.605417
0.811111 0.604333
0.806043 0.608333
0.804484 0.598333
0.797661 0.599
0.794834 0.5925
0.788895 0.598347
0.782895 0.59875
0.778509 0.594583
0.772904 0.598333
0.768519 0.595833
0.763158 0.591667
0.757867 0.59119
0.753736 0.592778
0.749296 0.590556
0.744493 0.591288
0.740156 0.589667
0.737817 0.593333
0.740636 0.599113
0.735543 0.597778
0.731579 0.600333
0.727096 0.596667
0.723197 0.598333
0.719298 0.598333
0.7154 0.596667
0.710136 0.596333
0.70632 0.601718
0.712476 0.601667
0.715709 0.606527
0.719114 0.607611
0.723782 0.607
0.727096 0.603333
0.730204 0.608371
0.734849 0.607829
0.738845 0.608827
0.742262 0.609624
0.744486 0.606192
0.74781 0.601288
0.753411 0.601667
0.759503 0.60125
0.764891 0.602778
0.769006 0.610833
0.772904 0.608333
0.776803 0.604048
0.781259 0.608333
0.786838 0.609893
0.792058 0.607584
0.79883 0.607667
0.800752 0.615
0.806246 0.618673
0.810608 0.615494
0.814812 0.615593
0.819553 0.615423
0.825258 0.617983
0.82911 0.622222
0.831941 0.615
0.837232 0.615
0.844639 0.611667
0.8507 0.610455
0.856168 0.608333
0.861229 0.612911
0.856335 0.62
0.851267 0.622667
0.846973 0.625966
0.84308 0.620333
0.837232 0.623333
0.832602 0.627083
0.837719 0.63128
0.840882 0.636551
0.844525 0.633693
0.850799 0.634461
0.847956 0.638343
0.846589 0.643667
0.84152 0.643
0.835264 0.641492
0.829443 0.645015
0.823754 0.647811
0.818898 0.645311
0.81618 0.641659
0.810027 0.64325
0.803954 0.642722
0.798463 0.640959
0.796691 0.631619
0.804456 0.631867
0.807245 0.635615
0.810721 0.635667
0.814815 0.636667
0.820007 0.634449
0.823539 0.638685
0.830085 0.63537
0.825015 0.628786
0.820309 0.623933
0.817414 0.628889
0.812671 0.629
0.814232 0.623006
0.809163 0.625677
0.802987 0.625387
0.79694 0.622036
0.793668 0.61695
0.783962 0.618717
0.777778 0.615
0.772904 0.621
0.778753 0.625
0.783692 0.629617
0.782592 0.641254
0.778536 0.636111
0.772904 0.631667
0.7673 0.627917
0.76455 0.635
0.759649 0.631333
0.754363 0.6316
0.750629 0.632023
0.745583 0.633803
0.74119 0.637896
0.735867 0.639286
0.731725 0.634583
0.726364 0.63875
0.72271 0.63375
0.719542 0.640833
0.715075 0.640185
0.71031 0.646111
0.715725 0.651296
0.721665 0.655
0.723955 0.647963
0.730263 0.645417
0.736146 0.647381
0.741158 0.648809
0.745057 0.645
0.749728 0.641206
0.755361 0.641667
0.760234 0.643333
0.76455 0.645
0.768727 0.639762
0.772688 0.643148
0.776803 0.646667
0.780918 0.651641
0.774854 0.655833
0.778928 0.661729
0.771199 0.66
0.767641 0.652667
0.761563 0.655909
0.755604 0.65125
0.748538 0.651667
0.751706 0.65875
0.757093 0.662778
0.762996 0.667222
0.768573 0.667222
0.776152 0.669922
0.772529 0.67667
0.767056 0.678333
0.761452 0.67875
0.75731 0.675833
0.753195 0.670556
0.749188 0.668333
0.745614 0.663333
0.739766 0.665
0.741158 0.656905
0.734568 0.65463
0.729153 0.656111
0.725146 0.661667
0.733918 0.665
0.728314 0.66875
0.722006 0.669445
0.717349 0.675
0.72083 0.681667
0.726121 0.678333
0.732943 0.675
0.740741 0.673333
0.746728 0.676429
0.75 0.68125
0.753996 0.686
0.762075 0.687222
0.769161 0.687605
0.763715 0.696114
0.75731 0.694333
0.751072 0.699667
0.759041 0.704531
0.753245 0.707122
0.746567 0.708984
0.738462 0.708062
0.732019 0.708989
0.727437 0.704596
0.722241 0.699421
0.728314 0.695417
0.733528 0.697333
0.73806 0.694583
0.742956 0.700152
0.748148 0.692667
0.743015 0.687963
0.741437 0.680714
0.736842 0.683333
0.731969 0.685
0.725471 0.687963
0.718811 0.68875
0.716195 0.695307
0.711354 0.687622
0.713207 0.680833
0.707062 0.677498
0.703494 0.66768
0.711176 0.671296
0.715643 0.665833
0.717488 0.659286
0.710349 0.659545
0.704678 0.66
0.699852 0.657271
0.705328 0.651296
0.697736 0.647805
0.698437 0.638601
0.704678 0.641667
0.705653 0.633333
0.71077 0.635417
0.715985 0.628333
0.722466 0.625417
0.727854 0.626111
0.733807 0.625449
0.737673 0.629903
0.740937 0.627661
0.744637 0.626662
0.748532 0.626657
0.752286 0.621705
0.756745 0.62215
0.761452 0.62125
0.766813 0.61875
0.762183 0.612083
0.757588 0.609762
0.753004 0.612265
0.748477 0.61018
0.747065 0.614167
0.748532 0.62
0.744444 0.619
0.740743 0.61834
0.736388 0.61812
0.730258 0.617909
0.72513 0.614384
0.721395 0.613758
0.718089 0.618769
0.713174 0.614301
0.71036 0.607498
0.70581 0.611796
0.703198 0.618983
0.711176 0.621296
0.707115 0.62625
0.700615 0.628667
0.68663 0.620484
0.683039 0.626131
0.677144 0.63125
0.68064 0.637105
0.672932 0.638333
0.677377 0.644562
0.673234 0.648735
0.668031 0.646667
0.661793 0.648333
0.655296 0.648704
0.647173 0.65125
0.651072 0.655
0.654553 0.658809
0.660088 0.657917
0.665135 0.655
0.671656 0.656892
0.667895 0.663077
0.663743 0.665952
0.657407 0.665833
0.65118 0.670556
0.655702 0.674583
0.663695 0.673548
0.659845 0.680001
0.65573 0.686112
0.652047 0.690238
0.649856 0.697927
0.644249 0.696667
0.645013 0.704931
0.639647 0.710172
0.633203 0.708704
0.633198 0.717221
0.626949 0.714583
0.625012 0.722103
0.619558 0.719815
0.615009 0.723334
0.608443 0.718044
0.614766 0.714583
0.621589 0.709583
0.626462 0.705417
0.630929 0.701111
0.637589 0.699167
0.63472 0.691296
0.629212 0.685
0.624756 0.689286
0.628655 0.695
0.622374 0.697222
0.617203 0.694583
0.612817 0.69875
0.617203 0.705417
0.610867 0.707917
0.605507 0.707917
0.600874 0.708749
0.595586 0.697947
0.601121 0.697917
0.606238 0.700556
0.607212 0.694444
0.609997 0.689286
0.61306 0.685
0.618259 0.686111
0.621507 0.681296
0.627572 0.677222
0.633772 0.680833
0.639268 0.682778
0.6423 0.689286
0.646415 0.686481
0.649854 0.68
0.64386 0.675
0.636777 0.674444
0.641217 0.667222
0.647758 0.663333
0.642544 0.65875
0.636452 0.66
0.630604 0.660714
0.633946 0.668333
0.628411 0.66875
0.62263 0.669545
0.617392 0.670556
0.609997 0.672143
0.614174 0.677857
0.606996 0.679444
0.602014 0.682407
0.601921 0.689762
0.59553 0.688295
0.592349 0.678342
0.597076 0.676667
0.601852 0.671667
0.604776 0.665833
0.611436 0.665556
0.615253 0.66125
0.608918 0.657917
0.60307 0.657917
0.598197 0.659167
0.594453 0.666212
0.591247 0.656281
0.596004 0.650833
0.591379 0.644582
0.597744 0.644048
0.598858 0.636905
0.592587 0.635007
0.590884 0.626238
0.595517 0.624048
0.599659 0.62875
0.604871 0.631685
0.608521 0.627931
0.612278 0.625696
0.609336 0.620149
0.604289 0.62
0.599659 0.617917
0.594124 0.615476
0.590316 0.613339
0.592268 0.60463
0.598549 0.607222
0.603558 0.60875
0.609162 0.611
0.614733 0.614868
0.621345 0.611667
0.624579 0.605606
0.631254 0.604722
0.634936 0.598704
0.640351 0.601667
0.645224 0.6
0.649664 0.598704
0.65271 0.603401
0.648956 0.613355
0.64295 0.610926
0.637427 0.613889
0.630604 0.615
0.624685 0.618455
0.618851 0.619664
0.61579 0.62569
0.619234 0.628392
0.623071 0.632191
0.625977 0.625847
0.631161 0.630238
0.633041 0.623333
0.638123 0.624048
0.644006 0.62125
0.648451 0.626051
0.64653 0.633983
0.639268 0.631296
0.641743 0.638333
0.637009 0.641667
0.63231 0.637917
0.62727 0.639071
0.624307 0.645036
0.620293 0.638322
0.615664 0.63888
0.613068 0.633333
0.608746 0.638216
0.603977 0.641094
0.60307 0.64875
0.608989 0.648566
0.61305 0.644885
0.619013 0.647455
0.615029 0.653252
0.620614 0.65875
0.625146 0.656
0.630117 0.65125
0.634286 0.649444
0.640134 0.650556
0.645468 0.644167
0.651464 0.641819
0.658907 0.641923
0.664169 0.638203
0.668141 0.634316
0.671053 0.627745
0.677144 0.622083
0.671837 0.618148
0.679121 0.61463
0.686126 0.611727
0.689297 0.604533
0.681043 0.605417
0.674879 0.607457
0.676857 0.59747
0.683886 0.597963
0.689756 0.594539
0.683886 0.588704
0.678621 0.586735
0.681231 0.576875
0.687378 0.58
0.691866 0.585036
0.692885 0.57504
0.68616 0.571667
0.682509 0.565329
0.690059 0.565
0.695707 0.562243
0.699358 0.55495
0.695175 0.55
0.689734 0.55463
0.684347 0.556381
0.661644 0.556409
0.653022 0.557667
0.657245 0.563519
0.660148 0.570408
0.653411 0.574
0.657251 0.581456
0.655893 0.592545
0.651657 0.586667
0.646199 0.588333
0.640325 0.591622
0.63641 0.584863
0.633646 0.58894
0.629932 0.589392
0.627019 0.595951
0.622829 0.594013
0.618324 0.599333
0.61436 0.60537
0.610786 0.597778
0.606934 0.600238
0.602583 0.597083
0.596686 0.597333
0.591583 0.593246
0.598441 0.588333
0.605507 0.58875
0.611842 0.59125
0.616959 0.589286
0.626164 0.584956
0.62128 0.584272
0.614799 0.581214
0.609405 0.58125
0.60307 0.58125
0.597192 0.580721
0.591511 0.579878
0.59359 0.571682
0.598858 0.57119
0.603314 0.573333
0.610402 0.57197
0.616889 0.572846
0.620564 0.576081
0.623782 0.573333
0.627355 0.577778
0.631092 0.5775
0.633528 0.58
0.636777 0.574444
0.639373 0.578333
0.641831 0.582035
0.647166 0.578333
0.643666 0.572317
0.640323 0.569179
0.649389 0.566818
0.643702 0.562651
0.639376 0.563333
0.635673 0.564333
0.633528 0.57
0.630604 0.567
0.627485 0.569
0.622807 0.565952
0.617325 0.56671
0.619231 0.560116
0.625406 0.558889
0.630214 0.560333
0.630994 0.555
0.634476 0.553699
0.638319 0.55614
0.645785 0.555007
0.652047 0.548333
0.657462 0.547222
0.664042 0.547042
0.666225 0.536312
0.659135 0.53803
0.651338 0.53803
0.646199 0.543333
0.641642 0.546884
0.63639 0.545178
0.630922 0.54497
0.627575 0.549505
0.623474 0.552557
0.61867 0.551251
0.612086 0.548333
0.616569 0.541667
0.623364 0.543095
0.623364 0.536905
0.616959 0.531667
0.622612 0.527333
0.62807 0.532
0.633528 0.535667
0.640107 0.535417
0.64425 0.53
0.637232 0.526667
0.631668 0.522273
0.639376 0.517222
0.644006 0.512083
0.647262 0.520455
0.650531 0.527963
0.655945 0.528333
0.662183 0.528333
0.667848 0.522592
0.66155 0.51875
0.656189 0.51875
0.652913 0.512778
0.648798 0.507593
0.64269 0.502667
0.636452 0.505667
0.63231 0.512083
0.627096 0.513333
0.623642 0.519762
0.618908 0.517381
0.61462 0.520667
0.609552 0.519333
0.60502 0.522083
0.599659 0.526667
0.59339 0.529545
0.587719 0.528333
0.582066 0.532
0.577323 0.527963
0.570884 0.53197
0.563678 0.5275
0.558302 0.533788
0.564721 0.53834
0.571385 0.542333
0.576998 0.539667
0.581734 0.545357
0.587524 0.538
0.588789 0.546121
0.594762 0.544382
0.598051 0.537333
0.604289 0.531667
0.611544 0.532037
0.608512 0.538704
0.603495 0.544085
0.601808 0.553434
0.606992 0.553884
0.613304 0.557917
0.609997 0.562619
0.604613 0.56537
0.597818 0.5616
0.590708 0.56088
0.576267 0.564567
0.575255 0.555608
0.570596 0.556214
0.568616 0.564
0.562839 0.568476
0.567615 0.575217
0.574074 0.572667
0.576859 0.579762
0.573517 0.585
0.567554 0.584384
0.569309 0.592778
0.576271 0.592116
0.575807 0.60048
0.568226 0.600714
0.572125 0.605952
0.56735 0.609599
0.574372 0.612627
0.567215 0.617108
0.574074 0.621221
0.568018 0.624629
0.565548 0.632279
0.572476 0.633201
0.570279 0.643063
0.563923 0.641918
0.56666 0.651667
0.5611 0.65428
0.569575 0.661242
0.56066 0.664123
0.553994 0.668172
0.545845 0.666245
0.540927 0.660189
0.536604 0.666111
0.531189 0.665
0.525731 0.663333
0.521199 0.657917
0.515319 0.65834
0.512665 0.667186
0.519249 0.667917
0.523392 0.672619
0.53048 0.674697
0.537254 0.677222
0.542398 0.673611
0.549708 0.675667
0.55731 0.676333
0.562595 0.672778
0.568023 0.670963
0.566249 0.682309
0.561138 0.686818
0.554581 0.685
0.548733 0.685
0.542885 0.685667
0.536793 0.689167
0.532489 0.68463
0.526072 0.680833
0.519737 0.682083
0.516028 0.676481
0.509367 0.675692
0.508486 0.685333
0.513402 0.685417
0.513691 0.694136
0.519249 0.692083
0.524366 0.688333
0.530458 0.6925
0.531189 0.701667
0.525341 0.698333
0.51972 0.701589
0.525615 0.707368
0.531433 0.71125
0.537037 0.713344
0.543132 0.717869
0.548755 0.718356
0.555681 0.715965
0.554337 0.707917
0.548733 0.708333
0.542495 0.708333
0.537254 0.702037
0.539543 0.695
0.545012 0.697121
0.549708 0.696667
0.553931 0.696111
0.55848 0.697667
0.564288 0.696768
0.560388 0.708263
0.586257 0.740834
0.607216 0.773892
0.608845 0.785007
0.594542 0.783889
0.59844 0.79
0.593892 0.790556
0.590643 0.793333
0.597856 0.796333
0.594542 0.8
0.593957 0.806333
0.598441 0.805
0.602015 0.803334
0.604873 0.810333
0.604288 0.816667
0.608606 0.818333
0.61213 0.825003
0.608187 0.826667
0.608709 0.833327
0.604285 0.834423
0.599536 0.834121
0.594407 0.83037
0.592439 0.822273
0.596686 0.824333
0.60039 0.826667
0.604289 0.825
0.599805 0.819667
0.599415 0.813333
0.594737 0.815667
0.591477 0.811873
0.585828 0.811412
0.588109 0.806333
0.589669 0.8
0.575536 0.791667
0.526315 0.780001
0.516546 0.795813
0.522688 0.816065
0.516206 0.835
0.516052 0.858358
0.49478 0.840262
0.494806 0.820063
0.4204 0.856747
0.420612 0.83795
0.399629 0.828844
0.397173 0.825
0.392788 0.823333
0.392788 0.83
0.396301 0.835626
0.391403 0.837318
0.387646 0.832532
0.386195 0.825646
0.387518 0.819277
0.390539 0.8136
0.393334 0.816466
0.39825 0.818146
0.398396 0.804025
0.403763 0.804561
0.407594 0.803555
0.413297 0.79766
0.409029 0.79777
0.404483 0.795
0.401365 0.799
0.397661 0.796667
0.393721 0.801303
0.390756 0.796833
0.384692 0.797732
0.387329 0.793
0.393957 0.791
0.397856 0.789
0.402144 0.789667
0.407407 0.79
0.411111 0.789
0.407407 0.783333
0.402144 0.783667
0.404483 0.779167
0.404484 0.772334
0.401072 0.775
0.398148 0.775
0.393112 0.772222
0.397011 0.767778
0.40156 0.766667
0.400261 0.759446
0.397856 0.751
0.395906 0.757667
0.392787 0.762619
0.388564 0.768889
0.385315 0.775556
0.390448 0.777
0.396129 0.781667
0.391618 0.784333
0.387427 0.7875
0.38655 0.783
0.382261 0.781
0.37963 0.785
0.375893 0.786111
0.381416 0.791111
0.376803 0.793667
0.371345 0.793333
0.373782 0.798333
0.378168 0.8
0.381231 0.802388
0.376224 0.804712
0.373204 0.807822
0.37037 0.801667
0.366054 0.801667
0.362898 0.806111
0.35809 0.807
0.369418 0.81014
0.366798 0.814419
0.36256 0.814848
0.35833 0.813821
0.35551 0.816597
0.351709 0.811487
0.32107 0.846098
0.321129 0.825
0.321073 0.80384
0.302336 0.81534
0.302579 0.798149
0.3022 0.782698
0.295551 0.7782
0.298406 0.774147
0.302302 0.773129
0.301561 0.766997
0.298897 0.761114
0.295646 0.765555
0.292725 0.771639
0.276215 0.788564
0.27258 0.792778
0.273916 0.797195
0.269006 0.796667
0.269526 0.802632
0.26442 0.801827
0.253687 0.801312
0.211501 0.832732
0.211504 0.853615
0.175034 0.838888
0.137138 0.818879
0.134116 0.821618
0.130783 0.820924
0.127735 0.826165
0.121045 0.825285
0.115423 0.827183
0.11424 0.819875
0.110764 0.814057
0.115013 0.813329
0.118773 0.81593
0.122999 0.820979
0.126706 0.818333
0.131189 0.813667
0.138051 0.813749
0.137427 0.806667
0.131254 0.805556
0.126288 0.807857
0.122807 0.811667
0.120663 0.804333
0.115988 0.80667
0.109027 0.807549
0.108017 0.799628
0.111614 0.801677
0.115992 0.8
0.121442 0.796333
0.124756 0.8
0.12885 0.799
0.126706 0.793333
0.124269 0.788333
0.120208 0.788889
0.116764 0.792333
0.113107 0.7917
0.108655 0.791782
0.0916033 0.780195
0.0869322 0.781592
0.088694 0.775
0.0832116 0.775572
0.0849349 0.769591
0.0853302 0.762921
0.0906838 0.760266
0.0943079 0.765991
0.0898635 0.767667
0.0941348 0.773826
0.11283 0.782398
0.116959 0.781667
0.121832 0.7825
0.136257 0.767668
0.120663 0.775667
0.116179 0.773333
0.11663 0.766894
0.115336 0.760254
0.114074 0.752031
0.115316 0.740299
0.110413 0.725446
0.104532 0.718702
0.108577 0.716333
0.106628 0.710333
0.100836 0.714096
0.0981181 0.708999
0.0947966 0.70508
0.0773582 0.704491
0.0734893 0.707
0.077026 0.712807
0.0757181 0.718535
0.0723197 0.714333
0.0687134 0.711667
0.0653021 0.714167
0.0649123 0.719667
0.0695263 0.721104
0.0725417 0.725009
0.0668184 0.727808
0.0619904 0.727509
0.0572716 0.723896
0.060104 0.718889
0.0542233 0.7174
0.0584795 0.713333
0.0545809 0.71
0.051164 0.711057
0.0518013 0.70235
0.0560429 0.701667
0.0584795 0.706667
0.0623782 0.71
0.0662768 0.706667
0.0705931 0.701667
0.0660819 0.699
0.0623782 0.701667
0.0586745 0.697667
0.0537351 0.693897
0.0617934 0.693
0.0573695 0.688148
0.0607769 0.685325
0.0649651 0.685297
0.0711342 0.686878
0.0675763 0.692222
0.0723179 0.694339
0.076112 0.695661
0.0931708 0.697352
0.0974659 0.7
0.10117 0.701
0.103509 0.705667
0.106795 0.701191
0.105138 0.692094
0.101365 0.693333
0.0974659 0.691667
0.0931338 0.689996
0.0932176 0.683363
0.0974659 0.683333
0.102267 0.685124
0.10112 0.677781
0.0974659 0.676667
0.0932409 0.675792
0.0884639 0.669824
0.0957168 0.668995
0.0994368 0.668763
0.0934315 0.664345
0.0974065 0.658523
0.093036 0.655638
0.0896712 0.661623
0.0851237 0.663822
0.0808691 0.666077
0.0783346 0.660456
0.0733714 0.660853
0.0677281 0.656818
0.0723343 0.652269
0.0758296 0.652299
0.0803492 0.651603
0.0847953 0.655909
0.0883644 0.651056
0.0952952 0.649879
0.0903111 0.644402
0.0944587 0.641402
0.0935453 0.633338
0.0898606 0.63431
0.0867497 0.638308
0.0838324 0.644949
0.0761809 0.644489
0.0803493 0.638295
0.0762298 0.635626
0.0721316 0.638286
0.0676015 0.641068
0.0692311 0.648274
0.0632447 0.648403
0.0579357 0.640165
0.0630464 0.638857
0.0672747 0.633313
0.0611906 0.631202
0.0549 0.631035
0.0555757 0.62332
0.050697 0.619236
0.0555852 0.616654
0.0610411 0.617
0.0614363 0.623317
0.0667174 0.624478
0.0703746 0.627634
0.0745042 0.628309
0.0805197 0.629648
0.0844787 0.632201
0.088308 0.626997
0.0926486 0.625383
0.0899856 0.618882
0.0847987 0.620703
0.0809027 0.624161
0.0783071 0.620537
0.0734374 0.619419
0.0701838 0.614986
0.0658766 0.614975
0.0623881 0.609994
0.0575473 0.609996
0.0511249 0.609338
0.0492669 0.601611
0.0558743 0.602596
0.0536257 0.596663
0.0487149 0.59105
0.0536229 0.589286
0.0582978 0.590989
0.0625855 0.591011
0.0662852 0.595
0.0610453 0.597009
0.0614343 0.60333
0.0667084 0.605474
0.0707739 0.602995
0.0734351 0.607766
0.0766772 0.612764
0.0805125 0.609663
0.0832397 0.613662
0.0867446 0.611
0.091618 0.612781
0.0898636 0.605667
0.0872364 0.601667
0.0838207 0.601667
0.079926 0.60166
0.0762241 0.601005
0.0711623 0.596663
0.0760294 0.593333
0.0805783 0.592776
0.0840156 0.591
0.0885814 0.59497
0.0890405 0.587684
0.0869239 0.582462
0.0824637 0.583668
0.0779727 0.586667
0.0731042 0.588993
0.0699864 0.587662
0.066281 0.585014
0.0625805 0.58234
0.0575376 0.583337
0.0511383 0.581191
0.0517388 0.57248
0.0565399 0.575008
0.0604381 0.575024
0.0647664 0.571693
0.0714938 0.572247
0.0676597 0.576998
0.0715537 0.580328
0.0767304 0.580716
0.0766189 0.573678
0.0818733 0.575007
0.0867407 0.576674
0.0867407 0.570004
0.0877163 0.563308
0.0836305 0.564325
0.0789543 0.567399
0.0733678 0.564623
0.0682328 0.56503
0.0633808 0.561701
0.0592412 0.565451
0.0541694 0.564902
0.0565935 0.556758
0.0603715 0.550245
0.0653305 0.555048
0.0701822 0.556678
0.0738887 0.555698
0.0775264 0.557388
0.0799372 0.559964
0.0832367 0.556329
0.0877137 0.556667
0.0882024 0.547493
0.08577 0.55
0.0808967 0.55
0.0756667 0.548283
0.0686872 0.549786
0.0639214 0.540768
0.0682678 0.54052
0.0726528 0.54159
0.0789474 0.542333
0.082846 0.541667
0.0870634 0.538885
0.0879089 0.530996
0.0838207 0.533333
0.0805718 0.530556
0.0766082 0.536333
0.0725579 0.532162
0.0762183 0.527667
0.070705 0.525269
0.0744972 0.519764
0.0803397 0.521667
0.0847953 0.525
0.0879089 0.520996
0.0842384 0.515
0.0793372 0.513667
0.073055 0.5134
0.076998 0.508333
0.073167 0.505634
0.076998 0.5
0.075874 0.495503
0.0818714 0.496667
0.0801697 0.491817
0.0820682 0.485997
0.0859329 0.480125
0.0896928 0.479359
0.0870508 0.486798
0.0867373 0.493334
0.0867373 0.5
0.0805718 0.503889
0.0844055 0.506333
0.0880393 0.510001
0.108168 0.497537
0.114134 0.50215
0.108187 0.509983
0.114035 0.511667
0.119842 0.510122
0.126329 0.512287
0.133982 0.517834
0.140561 0.524007
0.147721 0.525014
0.154282 0.528944
0.161446 0.527647
0.166835 0.530516
0.17289 0.528075
0.178119 0.532083
0.181726 0.526445
0.184644 0.533889
0.190058 0.533333
0.189564 0.525272
0.195894 0.525958
0.196916 0.533351
0.196463 0.539762
0.202924 0.541333
0.201998 0.549167
0.195257 0.547963
0.190302 0.54125
0.187274 0.546905
0.182818 0.548333
0.180799 0.540833
0.173489 0.538333
0.166667 0.541667
0.17222 0.546007
0.177644 0.55071
0.17325 0.554612
0.174854 0.560333
0.179326 0.560029
0.182502 0.557688
0.188347 0.555424
0.192843 0.557381
0.197856 0.555952
0.203147 0.558333
0.207846 0.554583
0.213172 0.557381
0.219055 0.557917
0.224561 0.553667
0.232944 0.556515
0.238791 0.558333
0.243665 0.558333
0.248148 0.556667
0.252082 0.564394
0.258842 0.566905
0.266298 0.56463
0.262183 0.560714
0.257418 0.557222
0.254873 0.55125
0.262427 0.55125
0.268519 0.550278
0.274521 0.552821
0.271727 0.560999
0.273689 0.569528
0.268616 0.575333
0.263548 0.578333
0.258674 0.574667
0.252437 0.575
0.246412 0.570455
0.241391 0.570185
0.236842 0.567381
0.230994 0.565952
0.227095 0.5625
0.221491 0.565417
0.214425 0.565
0.206953 0.56463
0.209552 0.571667
0.202339 0.570667
0.197368 0.564167
0.189828 0.566221
0.185657 0.564237
0.181871 0.567
0.177388 0.566667
0.173489 0.566667
0.169786 0.565667
0.166667 0.564333
0.164392 0.557778
0.169154 0.5551
0.165163 0.550058
0.160555 0.544722
0.159454 0.536667
0.151958 0.539546
0.14425 0.541667
0.146307 0.533889
0.138986 0.535
0.134178 0.528704
0.12963 0.525
0.126566 0.520238
0.12232 0.524167
0.11769 0.52125
0.11306 0.521667
0.108196 0.521674
0.108187 0.531667
0.114035 0.531667
0.119639 0.532083
0.126316 0.533667
0.1313 0.537381
0.132136 0.545
0.136591 0.543095
0.140351 0.549
0.147829 0.548717
0.151532 0.553882
0.154987 0.547631
0.158897 0.553416
0.15848 0.559667
0.154189 0.559009
0.150103 0.56001
0.145411 0.558799
0.139376 0.556667
0.133174 0.557121
0.128389 0.553182
0.124215 0.560185
0.120237 0.552273
0.124431 0.543333
0.118177 0.54125
0.113819 0.543519
0.108 0.542872
0.111909 0.552576
0.107862 0.559705
0.115098 0.561061
0.119529 0.567727
0.11306 0.573333
0.107914 0.571324
0.108651 0.581358
0.117544 0.578667
0.124172 0.578333
0.126794 0.568939
0.132111 0.57197
0.136039 0.56501
0.140452 0.565411
0.144849 0.566346
0.150097 0.566667
0.155361 0.566333
0.161144 0.564444
0.163743 0.57
0.158545 0.572222
0.162768 0.576667
0.167154 0.575833
0.169591 0.573333
0.173294 0.574333
0.176413 0.576333
0.179337 0.573333
0.183236 0.573333
0.188094 0.573346
0.194172 0.571247
0.191952 0.578381
0.197836 0.576696
0.201754 0.582619
0.205931 0.579762
0.211826 0.577778
0.216131 0.57375
0.220598 0.576852
0.225146 0.573333
0.229602 0.575476
0.234162 0.575833
0.237956 0.579286
0.242412 0.583571
0.246589 0.580714
0.251044 0.585
0.256092 0.584583
0.260478 0.58875
0.265649 0.588704
0.272092 0.583389
0.269242 0.595313
0.260624 0.598333
0.254386 0.595
0.247563 0.591667
0.245939 0.598889
0.240741 0.596111
0.237956 0.587381
0.234893 0.592619
0.230994 0.589167
0.227931 0.583571
0.22298 0.587222
0.226446 0.59537
0.219688 0.598333
0.21345 0.595
0.217906 0.588333
0.214286 0.584048
0.208716 0.586429
0.207602 0.593333
0.201911 0.591269
0.196566 0.587875
0.193864 0.584467
0.188889 0.582333
0.185185 0.58
0.180312 0.581667
0.174464 0.583333
0.169786 0.582333
0.164717 0.583333
0.159259 0.583667
0.15692 0.58
0.153996 0.576667
0.152632 0.571667
0.147953 0.572333
0.144055 0.574333
0.140205 0.574066
0.137322 0.578065
0.140351 0.583333
0.143275 0.5875
0.145549 0.582222
0.149513 0.579667
0.153411 0.585
0.148343 0.589
0.152632 0.590333
0.157895 0.59
0.162768 0.59
0.167836 0.591
0.17154 0.59
0.176413 0.59
0.182261 0.593333
0.182651 0.587
0.186647 0.588333
0.190058 0.59
0.192982 0.593333
0.198144 0.595571
0.195906 0.6
0.193567 0.603667
0.189084 0.603333
0.189669 0.597
0.18538 0.599
0.181287 0.6
0.177875 0.601667
0.176023 0.597667
0.172515 0.595833
0.170175 0.600333
0.165692 0.603333
0.165107 0.596333
0.161598 0.599
0.157895 0.598333
0.153671 0.597222
0.151397 0.602222
0.147563 0.597
0.14425 0.593333
0.140351 0.593333
0.136452 0.593333
0.131898 0.592796
0.137427 0.5875
0.133782 0.583615
0.12833 0.585
0.123348 0.589444
0.117934 0.59
0.111738 0.589542
0.110536 0.598306
0.109074 0.607425
0.11462 0.607333
0.119233 0.601945
0.125554 0.599545
0.132243 0.599811
0.130707 0.605035
0.132568 0.610005
0.137817 0.606333
0.136452 0.6
0.141326 0.600714
0.145614 0.603667
0.148635 0.608333
0.152047 0.61
0.156363 0.60881
0.160819 0.606667
0.165107 0.610333
0.170565 0.61
0.170078 0.605833
0.176023 0.607
0.173489 0.613333
0.177388 0.613333
0.181871 0.613667
0.181871 0.606333
0.18538 0.609
0.189669 0.609667
0.193632 0.611667
0.196881 0.613333
0.201334 0.617752
0.20551 0.613345
0.201189 0.609767
0.199383 0.605
0.202794 0.601
0.207359 0.60125
0.210109 0.608333
0.214007 0.604524
0.219298 0.606667
0.225146 0.605023
0.230159 0.604048
0.234893 0.601667
0.24204 0.60537
0.235858 0.611018
0.232413 0.61713
0.22862 0.614362
0.225166 0.616972
0.222222 0.62
0.217391 0.621746
0.21986 0.614139
0.213969 0.616017
0.209877 0.618889
0.207045 0.625
0.202883 0.626484
0.19883 0.623333
0.195517 0.619667
0.190058 0.62
0.187719 0.616333
0.183821 0.620333
0.179337 0.621667
0.174854 0.620333
0.170175 0.617
0.165692 0.616667
0.161598 0.615667
0.157895 0.618333
0.161209 0.623667
0.165692 0.623333
0.168941 0.625
0.17154 0.63
0.174464 0.627
0.177973 0.629667
0.183041 0.627667
0.187719 0.627
0.192008 0.625
0.195582 0.628889
0.200529 0.632254
0.197851 0.635661
0.194282 0.638889
0.190058 0.634048
0.185185 0.633333
0.180637 0.635556
0.177193 0.639
0.180702 0.643667
0.175299 0.645952
0.173684 0.651667
0.169786 0.655667
0.166667 0.651667
0.169006 0.646333
0.163548 0.647667
0.159844 0.65
0.154191 0.648333
0.149123 0.646667
0.148009 0.654048
0.143275 0.650714
0.139511 0.654927
0.132554 0.655
0.12898 0.647963
0.1354 0.647661
0.138596 0.644333
0.135654 0.639839
0.140351 0.636111
0.14295 0.642778
0.146199 0.638333
0.150097 0.64
0.155361 0.637
0.155361 0.643
0.159844 0.641667
0.163548 0.639
0.168226 0.640333
0.172515 0.637381
0.167057 0.633667
0.163743 0.63
0.159844 0.631667
0.15614 0.627667
0.153509 0.631667
0.14968 0.631667
0.147173 0.625833
0.144055 0.629
0.139376 0.63
0.134506 0.629995
0.133375 0.635084
0.129418 0.637964
0.124339 0.633095
0.123782 0.625
0.129923 0.624275
0.135756 0.622619
0.140351 0.623333
0.14425 0.62
0.148148 0.62
0.152632 0.623
0.153021 0.616667
0.146784 0.613667
0.14295 0.610556
0.140156 0.615667
0.136257 0.612333
0.133149 0.616999
0.127369 0.613337
0.122482 0.613148
0.117934 0.617667
0.11208 0.61595
0.112086 0.624554
0.117934 0.628333
0.113414 0.636078
0.11815 0.639444
0.124025 0.64125
0.121507 0.647778
0.114683 0.648209
0.117402 0.653002
0.12044 0.658333
0.125081 0.654444
0.127193 0.660833
0.133041 0.665
0.137127 0.661098
0.140569 0.666159
0.144092 0.660825
0.147257 0.665847
0.150292 0.661
0.153021 0.657667
0.15614 0.654333
0.160429 0.656333
0.165042 0.658889
0.161209 0.663
0.155296 0.664444
0.152639 0.670327
0.15809 0.669
0.162378 0.670333
0.165692 0.666667
0.170175 0.663667
0.173977 0.660833
0.175439 0.656667
0.179142 0.655667
0.182261 0.65
0.18616 0.645833
0.18616 0.64
0.190838 0.644333
0.193957 0.646667
0.197573 0.650451
0.191618 0.653
0.187622 0.651667
0.18616 0.656667
0.183041 0.659
0.179337 0.663333
0.176023 0.667
0.170565 0.670714
0.174464 0.674306
0.177525 0.6768
0.181682 0.676703
0.188342 0.677902
0.194444 0.679583
0.197856 0.674048
0.201998 0.67875
0.207992 0.678333
0.212476 0.671667
0.216764 0.679333
0.21306 0.686
0.220517 0.689167
0.223197 0.682778
0.23002 0.682333
0.23002 0.691
0.225146 0.697667
0.218235 0.697121
0.213645 0.704
0.207602 0.702619
0.20078 0.705
0.194932 0.708333
0.188286 0.710455
0.181871 0.715
0.177144 0.709167
0.170349 0.708704
0.167224 0.70119
0.171122 0.697857
0.17617 0.70125
0.183236 0.704333
0.182505 0.695417
0.189084 0.698333
0.196296 0.698333
0.203704 0.697381
0.210721 0.694
0.205653 0.688333
0.200022 0.689444
0.194932 0.6875
0.190708 0.691111
0.187274 0.686428
0.182499 0.684576
0.178363 0.689167
0.174789 0.692222
0.171047 0.687037
0.171454 0.680389
0.164984 0.681803
0.166992 0.675556
0.161796 0.676652
0.157921 0.677876
0.153352 0.677459
0.147297 0.67472
0.1423 0.675
0.137427 0.675
0.131335 0.672083
0.125975 0.669167
0.119067 0.66587
0.121861 0.672584
0.124786 0.679983
0.131823 0.68125
0.127942 0.687904
0.132499 0.693427
0.137427 0.685667
0.143031 0.684583
0.149366 0.684583
0.155214 0.687917
0.160828 0.686437
0.165367 0.692037
0.158653 0.697222
0.162985 0.703889
0.15822 0.709074
0.153021 0.705
0.147174 0.701667
0.152778 0.695417
0.14693 0.692083
0.141326 0.695
0.135935 0.700465
0.141136 0.705669
0.146562 0.711183
0.152085 0.715606
0.159103 0.717917
0.163738 0.716667
0.168421 0.717675
0.174606 0.719379
0.180854 0.722545
0.18865 0.721289
0.193713 0.716654
0.198723 0.71896
0.203086 0.715378
0.206767 0.710238
0.210519 0.715211
0.216937 0.711584
0.223012 0.707443
0.230491 0.703009
0.235101 0.697202
0.240895 0.69537
0.236842 0.685667
0.242885 0.685667
0.248546 0.688449
0.254139 0.681202
0.248782 0.67875
0.24399 0.675
0.238614 0.672879
0.233333 0.673333
0.226852 0.674583
0.22076 0.670556
0.22626 0.665952
0.230994 0.664048
0.236644 0.660988
0.243931 0.664697
0.249838 0.666482
0.254386 0.671667
0.259768 0.673825
0.266793 0.66606
0.261696 0.665
0.260451 0.657963
0.254169 0.660926
0.245614 0.655
0.239219 0.652775
0.235794 0.646085
0.23214 0.647553
0.227882 0.650963
0.230862 0.655519
0.224564 0.657818
0.220304 0.657778
0.215643 0.664583
0.209877 0.663889
0.206488 0.667381
0.201998 0.667917
0.196185 0.665952
0.190635 0.670696
0.184983 0.670678
0.18148 0.668994
0.186543 0.663661
0.190953 0.661282
0.195179 0.657919
0.202463 0.65803
0.209552 0.655
0.215233 0.655208
0.218335 0.649981
0.223197 0.65
0.220468 0.642333
0.224172 0.641667
0.22807 0.641667
0.232619 0.638889
0.237966 0.63788
0.242257 0.641296
0.246372 0.643889
0.251354 0.646111
0.253899 0.652917
0.259584 0.648704
0.265887 0.651333
0.269981 0.653333
0.272974 0.657173
0.27688 0.647759
0.269626 0.641061
0.275439 0.638
0.281189 0.63909
0.284511 0.630597
0.275828 0.630417
0.266667 0.632667
0.262183 0.64
0.256119 0.639815
0.248538 0.633485
0.254776 0.631667
0.261696 0.626389
0.256725 0.621333
0.250921 0.620556
0.24631 0.623571
0.242473 0.627963
0.236288 0.630843
0.230604 0.633
0.225146 0.633333
0.219688 0.633
0.217349 0.637667
0.213619 0.639201
0.21513 0.646226
0.209341 0.645419
0.203947 0.64875
0.199154 0.643494
0.203602 0.639258
0.207614 0.63501
0.21145 0.630566
0.215138 0.627866
0.220273 0.626667
0.224756 0.627
0.228265 0.624333
0.231967 0.625006
0.236192 0.623692
0.239109 0.618887
0.242934 0.614583
0.248928 0.611667
0.249188 0.602778
0.254142 0.604583
0.256985 0.612408
0.261793 0.607
0.269365 0.604137
0.273481 0.611124
0.265107 0.614
0.267787 0.620417
0.27193 0.623333
0.277221 0.621667
0.28192 0.624167
0.287965 0.619276
0.28039 0.614671
0.284653 0.609601
0.289224 0.609569
0.293035 0.608312
0.295293 0.6007
0.28927 0.598638
0.296592 0.591667
0.291298 0.588495
0.297275 0.579992
0.291797 0.578387
0.293589 0.569074
0.297746 0.564274
0.292525 0.557285
0.29621 0.551604
0.290703 0.542921
0.295236 0.539516
0.289608 0.531141
0.289082 0.522603
0.282856 0.51919
0.286158 0.512554
0.281659 0.508363
0.27836 0.502137
0.273149 0.496414
0.267028 0.494358
0.259284 0.495039
0.252644 0.495878
0.24679 0.499685
0.24334 0.506852
0.239364 0.500093
0.232309 0.502611
0.224963 0.506441
0.229289 0.512083
0.234893 0.512333
0.240308 0.513889
0.244639 0.519286
0.249424 0.513788
0.252437 0.505
0.259368 0.503889
0.265649 0.503889
0.271686 0.504583
0.275646 0.510868
0.268026 0.513329
0.261967 0.513889
0.256579 0.512083
0.254776 0.521333
0.248538 0.525
0.242446 0.526667
0.237059 0.523889
0.232456 0.528333
0.230437 0.535
0.235136 0.53875
0.240156 0.535667
0.246979 0.535333
0.252193 0.53125
0.25666 0.532778
0.259747 0.525833
0.264782 0.521111
0.270353 0.523734
0.263808 0.528889
0.266917 0.533571
0.272081 0.5341
0.273602 0.542118
0.265107 0.542083
0.260234 0.54
0.25463 0.54125
0.250487 0.546667
0.245753 0.543571
0.242446 0.54875
0.237275 0.547222
0.230409 0.547333
0.226121 0.54
0.221248 0.545
0.216374 0.549167
0.210635 0.547222
0.21384 0.538667
0.208333 0.5375
0.205653 0.531667
0.201749 0.526637
0.205698 0.520998
0.211257 0.524583
0.214912 0.529583
0.219883 0.534667
0.224172 0.528333
0.230716 0.520714
0.22539 0.52
0.217999 0.521296
0.220952 0.512424
0.215639 0.512182
0.210702 0.516034
0.197399 0.502541
0.190773 0.501287
0.183247 0.500678
0.175368 0.498595
0.167884 0.497046
0.161125 0.494189
0.155301 0.491969
0.149964 0.488526
0.144857 0.48466
0.139887 0.481677
0.134378 0.477447
0.127662 0.472068
0.120443 0.465316
End
