513 300
0.134025 0.462221
0.142439 0.454762
0.152954 0.454655
0.162391 0.462957
0.17281 0.463081
0.181907 0.456616
0.190876 0.468011
0.200362 0.461905
0.212395 0.45729
0.221492 0.460541
0.218578 0.480545
0.206219 0.475215
0.204707 0.491633
0.194197 0.48633
0.182663 0.482013
0.171765 0.482557
0.159332 0.479083
0.147336 0.471632
0.123747 0.480632
0.108025 0.472857
0.117054 0.489504
0.128566 0.499439
0.137305 0.492701
0.141054 0.507499
0.151445 0.507164
0.162112 0.511524
0.174073 0.513089
0.188584 0.513381
0.102331 0.659851
0.12438 0.724113
0.154744 0.745136
0.181753 0.745017
0.191618 0.771333
0.197995 0.772143
0.203526 0.775
0.210301 0.773718
0.217187 0.776389
0.222807 0.776667
0.226933 0.769444
0.233652 0.768636
0.24389 0.767051
0.240741 0.776515
0.234184 0.77803
0.227845 0.783718
0.220893 0.789243
0.214007 0.786667
0.20778 0.786212
0.200501 0.786905
0.194769 0.791389
0.188353 0.792083
0.184565 0.786515
0.192008 0.781667
0.18577 0.774667
0.180312 0.779
0.17411 0.779848
0.167553 0.782273
0.161528 0.785303
0.154518 0.788083
0.160426 0.795012
0.166829 0.797223
0.170809 0.79125
0.177388 0.79
0.174951 0.801116
0.181774 0.799445
0.18772 0.802003
0.194932 0.801667
0.20234 0.802336
0.205003 0.79537
0.210946 0.80049
0.217837 0.799168
0.226122 0.795835
0.233121 0.790455
0.238792 0.788336
0.24464 0.784336
0.250071 0.779286
0.257044 0.774702
0.250487 0.768333
0.25731 0.765
0.264745 0.766048
0.266862 0.756333
0.274233 0.755004
0.279578 0.743719
0.284511 0.738335
0.273879 0.743333
0.268208 0.743788
0.261626 0.746667
0.252762 0.748056
0.25731 0.755667
0.249438 0.757821
0.243108 0.752381
0.237817 0.76
0.231806 0.756945
0.224756 0.758333
0.219883 0.764667
0.214425 0.762778
0.206185 0.765
0.210287 0.73691
0.235158 0.724257
0.261476 0.703549
0.290227 0.663806
0.311835 0.714148
0.346767 0.716832
0.373791 0.684713
0.408238 0.720018
0.444134 0.748261
0.476185 0.72942
0.499617 0.694835
0.509489 0.716008
0.524308 0.733569
0.541697 0.74273
0.557424 0.742178
0.571567 0.727498
0.581839 0.708043
0.595435 0.731993
0.616032 0.747245
0.63522 0.743235
0.650465 0.728832
0.663575 0.710481
0.675146 0.689311
0.686815 0.668476
0.694109 0.63172
0.700799 0.699688
0.715277 0.721972
0.73405 0.736989
0.754114 0.736227
0.776993 0.756412
0.775429 0.769556
0.768817 0.771756
0.762012 0.778355
0.747668 0.791465
0.753906 0.793832
0.758509 0.788227
0.766871 0.789102
0.774538 0.783133
0.781183 0.773334
0.784301 0.762949
0.78605 0.753274
0.790095 0.744698
0.770864 0.721696
0.782322 0.703547
0.791305 0.685999
0.801149 0.707218
0.811537 0.725545
0.826318 0.742688
0.840283 0.759539
0.844939 0.750847
0.855148 0.750945
0.862522 0.740033
0.871871 0.742543
0.87915 0.74841
0.872886 0.756738
0.866127 0.754462
0.861336 0.763143
0.854813 0.763515
0.848201 0.764243
0.853104 0.774693
0.843824 0.775049
0.836347 0.77033
0.831743 0.77885
0.838232 0.784877
0.844688 0.79132
0.850186 0.785695
0.857376 0.783503
0.862751 0.776039
0.869946 0.770128
0.878493 0.763633
0.885443 0.756956
0.89113 0.749809
0.894456 0.737103
0.88566 0.740679
0.876818 0.731352
0.883416 0.724993
0.890439 0.726198
0.896969 0.722254
0.888814 0.714519
0.896952 0.71197
0.892743 0.703173
0.899333 0.699891
0.897791 0.688365
0.901443 0.675862
0.90126 0.655717
0.907143 0.622178
0.909826 0.585019
0.910317 0.543181
0.909216 0.506036
0.890125 0.508801
0.881007 0.501015
0.860094 0.490145
0.850803 0.488845
0.841208 0.489252
0.830579 0.490289
0.818831 0.492564
0.807249 0.496833
0.794798 0.500523
0.782163 0.504372
0.769202 0.506488
0.756126 0.50445
0.745229 0.502612
0.735442 0.499358
0.727211 0.492404
0.718598 0.492113
0.711019 0.535645
0.703143 0.578947
0.702198 0.502226
0.694063 0.49051
0.66678 0.477849
0.651988 0.478261
0.639171 0.480543
0.627959 0.482211
0.617084 0.486476
0.607025 0.491211
0.59753 0.493919
0.587925 0.499561
0.577873 0.500409
0.568212 0.501729
0.558573 0.500996
0.548032 0.499213
0.537392 0.495214
0.544623 0.464656
0.536202 0.458214
0.54356 0.443846
0.535923 0.434286
0.544469 0.42125
0.535879 0.412708
0.553802 0.40941
0.547426 0.39762
0.533556 0.395952
0.541297 0.384012
0.550796 0.37726
0.531969 0.377333
0.529971 0.36
0.541877 0.36408
0.55132 0.356203
0.550614 0.338217
0.540129 0.346839
0.530017 0.341195
0.524165 0.343693
0.521392 0.329475
0.526901 0.33
0.533604 0.332635
0.540453 0.327008
0.550729 0.321862
0.541114 0.312956
0.534916 0.312762
0.531839 0.321389
0.525641 0.316538
0.519091 0.316601
0.51491 0.305929
0.520143 0.303148
0.524951 0.302667
0.529771 0.305303
0.536647 0.301667
0.544088 0.304375
0.551182 0.304041
0.54654 0.295417
0.550365 0.289537
0.539799 0.2925
0.532651 0.293056
0.52729 0.289
0.522417 0.291667
0.517154 0.293333
0.51149 0.293424
0.507672 0.281778
0.514 0.282576
0.520886 0.28
0.528103 0.276944
0.533138 0.281
0.538986 0.28
0.543751 0.284259
0.547499 0.276887
0.563768 0.268797
0.569154 0.278696
0.572654 0.294727
0.573433 0.310921
0.575602 0.32548
0.57542 0.341682
0.575607 0.359322
0.574635 0.377535
0.574915 0.396243
0.565625 0.408462
0.57536 0.415111
0.57193 0.430444
0.560568 0.423571
0.552074 0.433095
0.562234 0.440802
0.564013 0.455008
0.552107 0.452692
0.555746 0.468467
0.567089 0.47007
0.575485 0.462024
0.587056 0.465203
0.583088 0.451364
0.593909 0.451065
0.600367 0.458525
0.608924 0.452143
0.618835 0.450583
0.627321 0.443856
0.637705 0.447989
0.648076 0.444259
0.658858 0.4447
0.671508 0.444814
0.666566 0.430747
0.673161 0.419337
0.658869 0.417857
0.653021 0.429167
0.64569 0.421087
0.639051 0.4325
0.629932 0.425345
0.620858 0.420312
0.613604 0.433465
0.600788 0.428758
0.608893 0.415919
0.596247 0.414166
0.601889 0.403077
0.617372 0.402475
0.6296 0.400555
0.636855 0.411666
0.646136 0.403279
0.655249 0.398928
0.664421 0.406014
0.672942 0.399677
0.672224 0.380768
0.662799 0.385753
0.650585 0.381979
0.638958 0.387
0.623416 0.385937
0.60891 0.390484
0.596777 0.388007
0.603314 0.373933
0.612985 0.374359
0.620942 0.369058
0.631344 0.371896
0.641483 0.366505
0.652359 0.364867
0.661054 0.365689
0.670103 0.36332
0.66705 0.346633
0.657357 0.342011
0.648554 0.350972
0.637342 0.348147
0.629655 0.353283
0.622909 0.352515
0.616397 0.353363
0.606876 0.35523
0.596785 0.363692
0.598125 0.344528
0.598684 0.329083
0.608662 0.323118
0.615335 0.325
0.620208 0.318611
0.61253 0.312272
0.600437 0.311651
0.601196 0.296724
0.61094 0.299394
0.617241 0.300468
0.621832 0.307222
0.631579 0.307667
0.627355 0.314722
0.635566 0.316212
0.633262 0.325303
0.626218 0.326111
0.620533 0.332222
0.609496 0.335352
0.614117 0.342003
0.621832 0.341667
0.629105 0.340897
0.632337 0.334259
0.639287 0.335508
0.647829 0.334769
0.641963 0.322647
0.647213 0.313655
0.639465 0.308939
0.643816 0.303148
0.640741 0.295
0.635283 0.298333
0.627592 0.299545
0.623132 0.291667
0.617109 0.286795
0.609376 0.288414
0.6038 0.28144
0.607112 0.274341
0.61381 0.277051
0.621832 0.276667
0.62768 0.283333
0.632199 0.290152
0.638726 0.284444
0.645809 0.288333
0.651852 0.287667
0.657449 0.294556
0.649034 0.298333
0.653021 0.305
0.661713 0.306128
0.657616 0.312948
0.653509 0.321429
0.664811 0.327828
0.680324 0.312767
0.689508 0.314848
0.689099 0.33199
0.692589 0.347784
0.691445 0.365319
0.699715 0.366514
0.695583 0.383834
0.701005 0.398034
0.696158 0.409165
0.699201 0.424851
0.699692 0.440695
0.694085 0.452006
0.701846 0.461192
0.721036 0.462413
0.722343 0.445287
0.732763 0.451914
0.734648 0.466426
0.745098 0.471532
0.755205 0.473126
0.76323 0.475886
0.781273 0.474625
0.766753 0.460406
0.760935 0.450029
0.752309 0.458333
0.74344 0.452179
0.752806 0.43964
0.744682 0.433986
0.736889 0.435476
0.729133 0.433182
0.72169 0.427879
0.722397 0.410346
0.731277 0.400376
0.720822 0.39022
0.730507 0.380357
0.720644 0.370118
0.717949 0.353153
0.72807 0.352564
0.733693 0.364615
0.742315 0.357436
0.754011 0.364872
0.744939 0.373333
0.739838 0.386481
0.754803 0.383095
0.76429 0.376505
0.776641 0.375555
0.775244 0.388733
0.767126 0.396905
0.757988 0.399348
0.748313 0.396154
0.741415 0.406667
0.73545 0.418928
0.74931 0.418974
0.758525 0.414078
0.768372 0.417759
0.777209 0.427741
0.783901 0.416188
0.777917 0.404047
0.790086 0.400367
0.805999 0.413741
0.813615 0.408333
0.823961 0.410641
0.818778 0.426778
0.829747 0.425
0.836358 0.413046
0.845769 0.408563
0.854631 0.408893
0.857936 0.424063
0.850155 0.43142
0.84178 0.430679
0.834383 0.440256
0.824912 0.443
0.81552 0.446954
0.808933 0.433276
0.799561 0.42886
0.792761 0.443219
0.800654 0.449286
0.807317 0.459695
0.816018 0.464532
0.826896 0.458861
0.83737 0.457016
0.846863 0.451961
0.857952 0.442496
0.858291 0.457813
0.88043 0.461188
0.888544 0.471083
0.907055 0.467327
0.886786 0.44345
0.878241 0.438162
0.902743 0.420633
0.881267 0.42028
0.878578 0.402705
0.873146 0.38505
0.88413 0.380237
0.870148 0.365656
0.882908 0.358522
0.869834 0.347037
0.863738 0.331512
0.860362 0.313076
0.854547 0.296361
0.844428 0.283405
0.850302 0.274069
0.867141 0.264771
0.845016 0.245981
0.832741 0.239854
0.820383 0.232343
0.811225 0.232729
0.809641 0.224135
0.804483 0.218111
0.799222 0.226677
0.803307 0.234697
0.795942 0.240152
0.792752 0.233182
0.786062 0.236944
0.780702 0.241
0.774854 0.242327
0.769006 0.242333
0.762173 0.240674
0.767706 0.230778
0.775666 0.231389
0.780879 0.226212
0.787362 0.225833
0.793819 0.218997
0.797289 0.207016
0.787259 0.214697
0.779451 0.213534
0.772384 0.220378
0.762689 0.221617
0.743876 0.218641
0.756911 0.232864
0.74991 0.238692
0.754297 0.245606
0.744151 0.248041
0.735535 0.255429
0.74269 0.259286
0.749663 0.255513
0.758499 0.252947
0.765641 0.252827
0.772417 0.253889
0.778758 0.251676
0.784778 0.250455
0.790286 0.248889
0.795809 0.253889
0.80117 0.247222
0.806436 0.244681
0.812903 0.243893
0.822821 0.249762
0.810317 0.255886
0.802545 0.259739
0.792918 0.264778
0.798995 0.270385
0.807647 0.271542
0.813987 0.265885
0.822105 0.272734
0.826982 0.263427
0.838191 0.264965
0.828928 0.280566
0.823968 0.286026
0.81693 0.285147
0.80816 0.288255
0.803281 0.280556
0.797891 0.283182
0.793762 0.289333
0.788986 0.294444
0.79893 0.296516
0.792026 0.307102
0.800958 0.313116
0.808772 0.3058
0.817901 0.301389
0.826511 0.300833
0.834791 0.298176
0.839949 0.314253
0.828157 0.317069
0.81782 0.317778
0.810253 0.326067
0.800364 0.328478
0.791655 0.324841
0.783647 0.325715
0.775996 0.324426
0.768424 0.324763
0.76098 0.316049
0.7525 0.313768
0.747401 0.308889
0.741893 0.309545
0.734568 0.305833
0.728247 0.307121
0.720809 0.3108
0.725373 0.318617
0.731806 0.318889
0.737427 0.316667
0.741883 0.323831
0.747744 0.324876
0.756335 0.331667
0.766247 0.335586
0.772904 0.334333
0.779142 0.335
0.785222 0.341945
0.793638 0.341667
0.799595 0.352436
0.807167 0.341923
0.8181 0.337469
0.827149 0.337644
0.835932 0.328472
0.845359 0.334043
0.836582 0.345864
0.846684 0.352682
0.851435 0.369812
0.84061 0.37
0.831745 0.360308
0.821826 0.356505
0.811823 0.356954
0.804094 0.37
0.813765 0.375256
0.823442 0.375864
0.832242 0.379933
0.846229 0.386154
0.854543 0.390996
0.837858 0.394643
0.82756 0.396026
0.817817 0.393
0.807842 0.389632
0.797846 0.387035
0.786727 0.381566
0.794834 0.368472
0.787651 0.359242
0.7796 0.361862
0.771987 0.362133
0.764021 0.358947
0.77193 0.353333
0.780525 0.352273
0.777512 0.344697
0.770955 0.345
0.764004 0.347104
0.752468 0.347473
0.74141 0.34214
0.730385 0.338526
0.735296 0.330078
0.725445 0.329538
0.715569 0.336867
0.711816 0.319939
0.705565 0.300984
0.716925 0.299695
0.724821 0.298611
0.732359 0.294667
0.738792 0.297222
0.744864 0.295769
0.752321 0.300322
0.759103 0.30054
0.764934 0.299533
0.768621 0.307976
0.774879 0.307957
0.781925 0.310012
0.785956 0.30258
0.779419 0.298643
0.771924 0.296663
0.777103 0.288077
0.784151 0.285513
0.790588 0.279048
0.779507 0.276285
0.78625 0.270128
0.784778 0.260758
0.777778 0.264048
0.770143 0.264167
0.76196 0.263728
0.754386 0.264048
0.746784 0.270333
0.753899 0.275833
0.759677 0.279048
0.765432 0.273056
0.772455 0.276282
0.768588 0.285714
0.762094 0.289545
0.754011 0.290128
0.749123 0.283333
0.743665 0.283333
0.737817 0.283333
0.732212 0.285417
0.725944 0.287121
0.720688 0.287165
0.730197 0.277727
0.738597 0.270333
0.731319 0.268056
0.723043 0.27058
0.70009 0.275573
0.684131 0.295213
0.673243 0.294125
0.668355 0.283792
0.676981 0.279829
0.67128 0.271889
0.662885 0.274969
0.65436 0.279212
0.646499 0.277564
0.638756 0.274394
0.632066 0.275
0.626056 0.268611
0.634364 0.264048
0.643275 0.265952
0.64992 0.267121
0.656693 0.267042
0.664132 0.262333
0.675002 0.262074
0.670789 0.253068
0.66488 0.245833
0.659667 0.252879
0.653819 0.256212
0.648148 0.253333
0.6423 0.252692
0.635703 0.253718
0.630073 0.246212
0.637202 0.241923
0.642084 0.236481
0.647336 0.241389
0.653819 0.243788
0.658645 0.238846
0.668184 0.218181
0.65048 0.228026
0.641685 0.224236
0.632164 0.231444
0.627924 0.2375
0.622466 0.23691
0.621035 0.245909
0.612586 0.240627
0.610981 0.253667
0.620161 0.255952
0.627263 0.256667
0.617516 0.265714
0.611328 0.266111
0.606034 0.263682
0.588232 0.251884
0.566376 0.257784
0.559878 0.256649
0.556981 0.24559
0.564381 0.240768
0.552131 0.238764
0.547449 0.231724
0.557127 0.227901
0.549524 0.220139
0.542328 0.22
0.536726 0.210651
0.527562 0.214576
0.516991 0.223076
0.523229 0.224444
0.528531 0.230151
0.534308 0.224778
0.540112 0.231374
0.539834 0.243261
0.533626 0.239444
0.525536 0.240333
0.519911 0.237143
0.513109 0.236753
0.508024 0.245551
0.516569 0.249286
0.523392 0.253571
0.52924 0.247667
0.535442 0.252273
0.54338 0.254085
0.538791 0.260667
0.544719 0.266529
0.536437 0.270128
0.530493 0.260952
0.525696 0.267727
0.519981 0.263889
0.515949 0.271061
0.509569 0.270455
0.503403 0.269219
0.512392 0.259048
0.504112 0.257805
0.493625 0.25065
0.472929 0.247687
0.463043 0.247278
0.455556 0.251667
0.461278 0.258086
0.453966 0.262949
0.445744 0.261944
0.435255 0.260476
0.440221 0.253333
0.448418 0.25218
0.441071 0.242949
0.448343 0.240714
0.45614 0.240714
0.462327 0.230958
0.451947 0.230791
0.444086 0.230546
0.435924 0.234834
0.425974 0.237649
0.432888 0.247619
0.426966 0.253889
0.41735 0.253776
0.423227 0.263718
0.416597 0.270476
0.408556 0.2777
0.41742 0.281364
0.423977 0.276667
0.429825 0.269359
0.435673 0.271667
0.441196 0.271111
0.448148 0.271667
0.453216 0.275
0.459064 0.271
0.465446 0.266076
0.477238 0.266336
0.483319 0.280732
0.489723 0.295056
0.490179 0.3121
0.498114 0.314691
0.497953 0.331637
0.502084 0.346508
0.508733 0.3614
0.501363 0.366104
0.504698 0.382724
0.511666 0.384756
0.509495 0.401864
0.512236 0.417866
0.51188 0.434948
0.513121 0.451661
0.513668 0.468108
0.509621 0.482706
0.516749 0.490438
0.509626 0.519092
0.516422 0.539707
0.485776 0.503436
0.474719 0.506929
0.474824 0.492887
0.464136 0.489796
0.462195 0.502988
0.449056 0.503452
0.453323 0.490793
0.441977 0.490132
0.435908 0.50151
0.426278 0.496193
0.418135 0.507011
0.412276 0.496309
0.404077 0.506601
0.394521 0.512671
0.391051 0.490842
0.397476 0.476498
0.390209 0.466183
0.40777 0.472154
0.417796 0.468857
0.427227 0.466549
0.438668 0.465944
0.44829 0.463636
0.456893 0.463439
0.466753 0.464583
0.477676 0.466667
0.487047 0.469847
0.48712 0.450256
0.474032 0.452381
0.461949 0.448333
0.452242 0.442619
0.444001 0.450303
0.433048 0.45282
0.421637 0.450867
0.412849 0.453333
0.403265 0.458472
0.396218 0.450733
0.389991 0.442101
0.4069 0.4406
0.415712 0.4338
0.427797 0.439
0.440058 0.437222
0.442755 0.422333
0.432008 0.425133
0.422177 0.422436
0.407857 0.421538
0.399337 0.431133
0.391138 0.424359
0.391566 0.408671
0.399791 0.407716
0.408065 0.404692
0.416371 0.408617
0.4116 0.392923
0.418878 0.395769
0.42457 0.40109
0.431855 0.408889
0.441988 0.405667
0.452659 0.413214
0.455636 0.427414
0.46616 0.435933
0.477619 0.43821
0.487704 0.430291
0.487461 0.411622
0.47849 0.420057
0.468161 0.421543
0.466212 0.407963
0.457765 0.399583
0.449618 0.392949
0.439196 0.389359
0.43035 0.391237
0.424685 0.386515
0.417349 0.384667
0.411081 0.380385
0.401526 0.385805
0.392657 0.389111
0.395722 0.367088
0.40619 0.367765
0.415452 0.369197
0.422641 0.367854
0.421053 0.377667
0.429388 0.376365
0.439002 0.371111
0.447368 0.376884
0.457359 0.377361
0.463495 0.385152
0.470672 0.393182
0.477808 0.401026
0.486702 0.395438
0.483308 0.381816
0.472791 0.378194
0.469636 0.364487
0.481562 0.36732
0.480872 0.351567
0.472338 0.348492
0.463234 0.351194
0.456299 0.352482
0.45871 0.362983
0.450782 0.361388
0.445977 0.355673
0.439359 0.355115
0.429175 0.357592
0.416973 0.351913
0.406043 0.3522
0.396952 0.348636
0.400818 0.333919
0.411321 0.336574
0.419054 0.335693
0.42613 0.340693
0.436027 0.344785
0.444519 0.344487
0.451717 0.344487
0.458614 0.340385
0.465674 0.33891
0.477015 0.33196
0.465979 0.327357
0.457115 0.330476
0.448065 0.332381
0.441698 0.333788
0.434698 0.334048
0.4282 0.33
0.424139 0.322778
0.41752 0.322292
0.409803 0.326143
0.403101 0.319055
0.411306 0.315
0.402941 0.307067
0.411501 0.303667
0.417951 0.306212
0.422244 0.311296
0.428525 0.311944
0.437622 0.311667
0.432748 0.32
0.438862 0.323485
0.444584 0.318571
0.451917 0.323333
0.454988 0.315606
0.461014 0.317308
0.467177 0.315094
0.474043 0.311168
0.463396 0.303167
0.456406 0.305303
0.448343 0.308333
0.440546 0.302381
0.432609 0.301667
0.425476 0.300385
0.434698 0.292333
0.440156 0.287333
0.445094 0.295
0.451754 0.297222
0.45809 0.292619
0.467424 0.291701
0.464297 0.279514
0.45809 0.282333
0.450455 0.285833
0.444533 0.280455
0.434698 0.281
0.429175 0.285833
0.423268 0.289849
0.418129 0.294333
0.412581 0.289872
0.405815 0.293243
0.374586 0.289808
0.36978 0.297852
0.363812 0.296238
0.367415 0.310039
0.371883 0.32485
0.372101 0.343121
0.37234 0.36338
0.371842 0.381687
0.372361 0.397402
0.369463 0.40988
0.369612 0.423436
0.36895 0.435966
0.366968 0.449442
0.366498 0.465231
0.360211 0.477838
0.366524 0.490594
0.357142 0.497403
0.376314 0.513575
0.376006 0.540171
0.36046 0.526803
0.348922 0.529226
0.337387 0.533002
0.325561 0.533161
0.313034 0.540877
0.327255 0.502965
0.316927 0.501944
0.306676 0.503971
0.299799 0.492796
0.31171 0.487099
0.321335 0.483046
0.331455 0.491892
0.335525 0.47733
0.328298 0.47125
0.338079 0.460722
0.323478 0.459197
0.313739 0.467529
0.309421 0.452555
0.32108 0.444643
0.332286 0.445741
0.342238 0.444003
0.344799 0.42629
0.334174 0.426954
0.325263 0.4282
0.313775 0.432
0.304202 0.436358
0.297186 0.447609
0.290875 0.436042
0.277205 0.435014
0.279181 0.450356
0.288824 0.458666
0.299798 0.463024
0.304054 0.476867
0.291895 0.478434
0.281475 0.47249
0.272661 0.46784
0.257448 0.464472
0.248953 0.467438
0.241698 0.465288
0.244173 0.453954
0.252126 0.455215
0.259864 0.447674
0.249415 0.424333
0.238154 0.427993
0.225859 0.430113
0.214839 0.430983
0.204191 0.422083
0.212106 0.412701
0.223867 0.409791
0.233665 0.413024
0.245145 0.409815
0.257877 0.412227
0.267598 0.404693
0.277765 0.394316
0.28168 0.377993
0.2886 0.36564
0.292346 0.348033
0.294734 0.329737
0.316828 0.330907
0.322435 0.337121
0.316366 0.3415
0.314132 0.351071
0.321633 0.349421
0.327032 0.354859
0.319092 0.361243
0.312091 0.363833
0.30845 0.379958
0.318641 0.380556
0.326934 0.371232
0.335664 0.378623
0.329647 0.388623
0.322287 0.397917
0.313255 0.398333
0.30385 0.393611
0.297052 0.405517
0.288055 0.420147
0.300473 0.420833
0.309454 0.413452
0.320446 0.415247
0.331216 0.406379
0.34 0.4102
0.348071 0.405173
0.342608 0.391129
0.350337 0.378851
0.343762 0.370667
0.336882 0.361164
0.349524 0.357471
0.342703 0.34512
0.336214 0.346353
0.330917 0.347598
0.328947 0.338611
0.337427 0.333667
0.344804 0.332949
0.350963 0.340167
0.35178 0.327231
0.347067 0.321061
0.35152 0.313209
0.349278 0.304938
0.342105 0.305
0.335508 0.303718
0.32831 0.311154
0.334308 0.313667
0.34308 0.314333
0.338856 0.321389
0.332034 0.325556
0.326348 0.327222
0.323262 0.320556
0.315568 0.32064
0.319777 0.313788
0.316079 0.306012
0.322967 0.303485
0.32771 0.297051
0.333776 0.292273
0.340156 0.295
0.345787 0.296111
0.350552 0.293129
0.346748 0.284676
0.3404 0.285417
0.336257 0.28
0.330232 0.282879
0.324399 0.282778
0.320825 0.290556
0.314542 0.295828
0.314401 0.283797
0.310481 0.273858
0.3154 0.268333
0.320213 0.272436
0.326333 0.270455
0.33289 0.271061
0.330604 0.262
0.322775 0.257778
0.32846 0.253333
0.334485 0.252879
0.339766 0.253333
0.34489 0.260399
0.338561 0.265606
0.342282 0.273788
0.347573 0.273783
0.360296 0.273986
0.363562 0.284624
0.368665 0.276875
0.370075 0.263921
0.363725 0.263788
0.357121 0.2631
0.353428 0.251959
0.360624 0.252619
0.368087 0.249579
0.361998 0.239741
0.35575 0.24
0.349927 0.239937
0.34356 0.24578
0.337007 0.240385
0.330409 0.24
0.325341 0.244667
0.317814 0.248846
0.314965 0.257821
0.307911 0.261215
0.303086 0.249808
0.309392 0.24596
0.314992 0.237121
0.321413 0.237051
0.326156 0.228939
0.333473 0.229762
0.33512 0.218611
0.341066 0.222778
0.343405 0.234167
0.348853 0.227051
0.357354 0.227115
0.351265 0.21708
0.344437 0.211568
0.33499 0.206624
0.322906 0.20385
0.327543 0.216176
0.320063 0.218077
0.316625 0.225238
0.309557 0.232989
0.291163 0.229122
0.258844 0.219869
0.247249 0.22927
0.236734 0.224074
0.233842 0.203369
0.222256 0.215956
0.214253 0.217549
0.208668 0.208898
0.200008 0.211479
0.189909 0.212139
0.182735 0.221486
0.172058 0.225361
0.177875 0.230556
0.184742 0.231061
0.190546 0.226389
0.196069 0.222222
0.202504 0.222436
0.208352 0.227051
0.217767 0.229048
0.225146 0.231764
0.234311 0.244165
0.239004 0.255635
0.247302 0.249017
0.259534 0.246795
0.269763 0.240826
0.279517 0.255819
0.287217 0.272905
0.292311 0.2907
0.294432 0.310512
0.272741 0.314944
0.261269 0.320833
0.251917 0.329111
0.269809 0.334473
0.262887 0.346852
0.251354 0.344259
0.240209 0.336515
0.228113 0.331667
0.221159 0.322727
0.233099 0.318733
0.242257 0.316852
0.250799 0.310733
0.256579 0.299444
0.265188 0.303194
0.272087 0.291659
0.263393 0.283736
0.251905 0.283642
0.246984 0.290526
0.24153 0.297593
0.233121 0.301515
0.225146 0.305641
0.217149 0.29746
0.22069 0.287555
0.213273 0.289545
0.206238 0.289
0.199248 0.293333
0.193261 0.286905
0.200555 0.280385
0.208252 0.281296
0.212584 0.27537
0.217526 0.277121
0.223548 0.275914
0.232064 0.284286
0.23951 0.283874
0.245839 0.276282
0.254763 0.272355
0.265767 0.265811
0.252063 0.2609
0.245389 0.263462
0.239348 0.27
0.232602 0.2678
0.223749 0.263571
0.215121 0.265238
0.206853 0.270128
0.201754 0.266667
0.196773 0.261296
0.192008 0.258333
0.192982 0.248333
0.20078 0.245
0.200455 0.254259
0.206823 0.255889
0.212476 0.25119
0.218412 0.256212
0.2244 0.248905
0.218549 0.242949
0.212741 0.236515
0.207425 0.240455
0.200705 0.234487
0.193507 0.237051
0.186691 0.241061
0.179337 0.241
0.172758 0.23875
0.168031 0.235333
0.161402 0.238883
0.166472 0.247333
0.173489 0.248333
0.180844 0.250758
0.186337 0.253788
0.180528 0.261296
0.173755 0.25803
0.165249 0.256212
0.158382 0.250278
0.151968 0.254406
0.144203 0.265581
0.152047 0.265952
0.159649 0.263667
0.167907 0.265303
0.175173 0.268636
0.182505 0.26875
0.188759 0.266667
0.195157 0.272949
0.187659 0.277564
0.180135 0.279545
0.174464 0.278333
0.168616 0.276667
0.162945 0.276212
0.15653 0.275
0.147923 0.277051
0.140328 0.2802
0.153021 0.284333
0.159032 0.286111
0.164392 0.2925
0.169006 0.289333
0.175021 0.29
0.18451 0.287564
0.189084 0.295667
0.180869 0.297857
0.172654 0.302619
0.165958 0.305303
0.159426 0.3
0.152464 0.296667
0.147174 0.289
0.142625 0.293519
0.137604 0.293788
0.131271 0.303361
0.138819 0.306667
0.145974 0.303718
0.152313 0.308636
0.144806 0.31619
0.135927 0.317051
0.129792 0.318611
0.12319 0.330347
0.132749 0.330333
0.139553 0.327121
0.146036 0.3275
0.152272 0.320385
0.158569 0.313462
0.165958 0.314697
0.173814 0.314167
0.180637 0.308056
0.18935 0.304697
0.195729 0.303788
0.202463 0.305303
0.206628 0.297667
0.210615 0.304394
0.216077 0.30981
0.21016 0.315219
0.202995 0.314697
0.194542 0.314333
0.18706 0.314487
0.179894 0.320238
0.171451 0.323788
0.163851 0.323148
0.165692 0.331667
0.158869 0.328333
0.153376 0.332576
0.147986 0.338056
0.140426 0.338846
0.131591 0.342966
0.120437 0.354127
0.128655 0.363333
0.138633 0.368265
0.143693 0.359524
0.138058 0.350825
0.145419 0.349
0.150895 0.350455
0.156363 0.343333
0.163068 0.343462
0.169591 0.34
0.174464 0.333889
0.181611 0.33
0.188818 0.324697
0.197147 0.32197
0.204666 0.324986
0.211932 0.326621
0.204674 0.335434
0.197856 0.333974
0.191845 0.333611
0.186514 0.33803
0.1795 0.341389
0.18731 0.34902
0.193757 0.346332
0.201327 0.348253
0.211648 0.34899
0.218994 0.340788
0.230169 0.346026
0.241331 0.356414
0.230159 0.361786
0.219272 0.35804
0.214406 0.367275
0.208595 0.359784
0.195834 0.362901
0.186852 0.370482
0.180149 0.372222
0.174641 0.372879
0.167641 0.371
0.160262 0.366667
0.167966 0.361389
0.175173 0.36197
0.184272 0.359725
0.179112 0.352436
0.172065 0.350385
0.163743 0.354167
0.15692 0.355667
0.152372 0.362778
0.149123 0.37
0.14425 0.376667
0.149708 0.382667
0.15617 0.377051
0.163477 0.378636
0.17092 0.381061
0.176998 0.386
0.183985 0.382682
0.191368 0.383407
0.199466 0.380217
0.206349 0.371541
0.213741 0.38085
0.222016 0.37384
0.235065 0.377745
0.246589 0.373823
0.25426 0.360484
0.270439 0.363305
0.26093 0.372857
0.2691 0.383602
0.257127 0.389479
0.247343 0.393279
0.23615 0.39586
0.225016 0.390778
0.214976 0.398188
0.205653 0.393846
0.198273 0.401667
0.188168 0.398928
0.181247 0.393309
0.175963 0.40218
0.169366 0.408077
0.162183 0.404667
0.166667 0.398333
0.17154 0.392778
0.164327 0.388
0.159519 0.392778
0.153771 0.389872
0.145224 0.391111
0.133113 0.39366
0.139237 0.384524
0.132381 0.379
0.120625 0.379972
0.1151 0.398842
0.1245 0.407719
0.136597 0.408785
0.14059 0.400371
0.147986 0.400833
0.15575 0.402
0.152047 0.410714
0.144597 0.414101
0.15038 0.423084
0.15756 0.421767
0.161144 0.413611
0.166312 0.423066
0.174109 0.416756
0.18173 0.408585
0.192866 0.415266
0.183951 0.427333
0.194862 0.430504
0.202829 0.444795
0.190531 0.446313
0.1758 0.438333
0.165692 0.444167
0.156054 0.438333
0.143841 0.437366
0.132722 0.439828
0.134738 0.423391
0.121832 0.428008
0.107475 0.423256
0.113595 0.443277
0.12403 0.451377
End
